1 360
1 2253
1 2374
360 2253
360 2374
512 2253
879 2253
2253 2374
2253 3020
130 2374
138 2374
486 2374
512 2374
637 2374
801 2374
879 2374
899 2374
981 2374
1005 2374
1043 2374
1278 2374
1296 2374
1300 2374
1450 2374
1452 2374
1502 2374
1571 2374
1590 2374
1611 2374
1697 2374
1819 2374
2087 2374
2149 2374
2156 2374
2157 2374
2186 2374
2374 3331
2374 3949
2374 3950
2374 3951
2 1259
2 1771
2 2536
1259 2485
34 1771
36 1771
49 1771
319 1771
484 1771
835 1771
953 1771
1157 1771
1457 1771
1486 1771
1658 1771
1670 1771
1735 1771
1771 1939
1771 2094
1771 2160
1771 2325
1771 3483
1771 3798
1771 3799
1771 3800
1771 3801
1771 3802
1771 3803
1771 3804
2298 2536
3 71
3 621
3 987
3 1096
3 1368
3 1716
3 1989
3 2042
3 2233
3 2293
71 531
71 1382
71 1608
71 1642
71 1719
71 1720
71 2032
71 2112
71 2261
71 2319
71 2441
71 2443
46 621
52 621
74 621
88 621
99 621
110 621
122 621
136 621
146 621
155 621
164 621
209 621
287 621
294 621
331 621
386 621
390 621
396 621
406 621
436 621
451 621
459 621
472 621
486 621
507 621
513 621
515 621
531 621
540 621
551 621
555 621
559 621
575 621
600 621
621 632
621 657
621 719
621 758
621 768
621 813
621 819
621 837
621 840
621 878
621 935
621 946
621 969
621 999
621 1011
621 1015
621 1067
621 1071
621 1074
621 1103
621 1104
621 1151
621 1193
621 1214
621 1238
621 1242
621 1257
621 1284
621 1308
621 1319
621 1368
621 1379
621 1401
621 1427
621 1454
621 1492
621 1524
621 1593
621 1625
621 1652
621 1671
621 1710
621 1729
621 1745
621 1747
621 1770
621 1778
621 1781
621 1813
621 1849
621 1863
621 1876
621 1895
621 1922
621 1935
621 1942
621 1989
621 1991
621 1996
621 2042
621 2121
621 2130
621 2138
621 2195
621 2207
621 2233
621 2288
621 2337
621 2464
621 2467
621 2486
621 2489
621 2491
621 2505
621 2508
621 2521
621 2565
621 2608
621 2609
621 2646
621 2698
621 2704
621 2727
621 2759
621 2766
621 2854
621 2856
621 2857
621 2858
621 2860
621 2933
621 2988
621 2992
621 3017
621 3057
621 3078
621 3079
621 3080
621 3081
621 3082
621 3083
621 3084
621 3085
621 3086
621 3087
621 3088
621 3089
621 3090
621 3091
621 3092
621 3093
621 3094
621 3095
621 3096
621 3097
621 3098
621 3099
621 3100
621 3101
621 3102
621 3103
621 3104
621 3105
621 3106
621 3107
621 3108
621 3109
621 3110
621 3111
621 3112
621 3113
621 3114
621 3115
621 3116
621 3117
621 3118
621 3119
621 3120
621 3121
621 3122
621 3123
621 3124
621 3125
621 3126
621 3127
621 3128
621 3129
621 3130
621 3131
621 3132
621 3133
621 3134
621 3135
621 3136
52 987
99 987
387 987
465 987
507 987
531 987
729 987
758 987
969 987
987 994
987 1214
987 1308
987 1524
987 1625
987 1788
987 2105
987 2261
987 2335
987 2460
987 2464
987 2485
987 2609
987 3098
432 1096
1096 1608
1096 1625
1096 1788
1096 2032
1096 2405
1096 2443
1096 2451
1096 2673
383 1368
1015 1368
1308 1368
1319 1368
1368 2042
1368 2138
136 1716
432 1716
531 1716
1106 1716
1214 1716
1284 1716
1716 1935
1716 2212
1716 2443
1716 2557
46 1989
719 1989
1989 2233
294 2042
647 2042
784 2042
1384 2042
2042 2294
2042 3121
2042 3135
2042 3153
387 2233
531 2233
1067 2233
1071 2233
1106 2233
1284 2233
1379 2233
1625 2233
1942 2233
1991 2233
2112 2233
2233 2608
2233 2609
2233 2766
1215 2293
1719 2293
1720 2293
2089 2293
2212 2293
2293 2319
2293 2360
2293 2443
4 2443
55 2443
115 2443
352 2443
432 2443
544 2443
655 2443
725 2443
1111 2443
1115 2443
1149 2443
1159 2443
1160 2443
1215 2443
1223 2443
1237 2443
1238 2443
1243 2443
1298 2443
1299 2443
1331 2443
1382 2443
1393 2443
1480 2443
1505 2443
1515 2443
1592 2443
1608 2443
1642 2443
1687 2443
1718 2443
1719 2443
1720 2443
1736 2443
1792 2443
1868 2443
1888 2443
1907 2443
1941 2443
1944 2443
2013 2443
2032 2443
2089 2443
2093 2443
2099 2443
2128 2443
2131 2443
2137 2443
2152 2443
2185 2443
2200 2443
2208 2443
2212 2443
2271 2443
2285 2443
2319 2443
2396 2443
2405 2443
2415 2443
2426 2443
2441 2443
2443 2451
2443 2475
2443 2519
2443 2532
2443 2567
2443 2677
2443 2811
2443 3014
2443 3187
2443 3485
2443 3942
2443 3943
2443 3965
5 1667
920 1667
1366 1667
1433 1667
1667 3747
1667 3748
1667 3749
6 192
6 1559
6 2457
6 2537
6 2538
192 611
192 680
192 1466
192 1559
192 1577
192 1626
192 1683
192 2277
192 2537
48 1559
179 1559
223 1559
259 1559
486 1559
522 1559
611 1559
680 1559
688 1559
691 1559
769 1559
941 1559
1057 1559
1063 1559
1101 1559
1347 1559
1426 1559
1466 1559
1499 1559
1554 1559
1559 1577
1559 1626
1559 1637
1559 1673
1559 1683
1559 1918
1559 2277
1559 2442
1559 2457
1559 2537
1559 2538
1559 3179
1559 3720
1559 3721
1559 3722
1559 3723
1559 3724
1559 3725
48 2457
2457 2537
48 2537
1577 2537
1626 2538
1683 2538
1918 2538
2277 2538
7 1523
18 1523
1523 1546
1523 2369
1523 3710
8 1943
8 2211
8 2261
1223 1943
1719 1943
1720 1943
1943 2211
1943 2364
1943 2460
105 2211
134 2211
204 2211
808 2211
828 2211
842 2211
929 2211
945 2211
963 2211
968 2211
1453 2211
1506 2211
1600 2211
1606 2211
1666 2211
1816 2211
1961 2211
2108 2211
2198 2211
2211 2261
2211 2298
2211 2341
2211 2460
2211 3751
2211 3916
2211 3917
465 2261
531 2261
2261 2360
2261 3432
9 782
9 2461
13 782
782 2461
13 2461
792 2461
868 2461
893 2461
1019 2461
1467 2461
1553 2461
2428 2461
2461 2475
10 1968
147 1968
191 1968
603 1968
740 1968
1130 1968
1708 1968
1766 1968
1897 1968
1968 1992
1968 2163
1968 3054
1968 3472
1968 3848
1968 3849
11 81
11 2539
81 733
81 1073
81 1656
81 1664
81 1714
81 2000
81 2199
81 2333
81 2539
81 2586
81 2587
81 2588
81 2589
81 2590
81 2591
81 2592
81 2593
81 2594
81 2595
81 2596
81 2597
81 2598
81 2599
81 2600
81 2601
81 2602
81 2603
81 2604
81 2605
81 2606
81 2607
12 625
12 836
12 2540
47 625
183 625
189 625
625 765
625 777
625 836
625 1309
625 1550
625 1711
625 1801
625 1948
625 2004
625 2023
625 2356
625 2391
625 2695
625 3142
625 3143
625 3144
625 3145
836 1801
836 2060
836 2540
694 2540
735 2540
986 2540
1809 2540
1848 2540
2023 2540
2127 2540
2177 2540
2301 2540
2380 2540
13 792
13 893
13 1273
13 1510
13 2411
13 2428
13 2475
13 2541
13 2542
13 2543
13 2544
13 2545
502 792
601 792
792 868
792 893
792 1254
792 1455
792 2126
792 2267
792 2332
792 2428
792 2475
792 2980
792 3226
502 893
893 988
893 1019
893 1254
893 1455
893 2084
893 2267
893 2332
893 2411
893 2980
1273 1553
1273 2332
1113 1510
1510 2003
1510 2397
1510 2418
1510 2698
502 2411
1019 2411
1254 2411
1455 2411
2084 2411
2126 2411
2332 2411
2411 2980
692 2428
799 2428
937 2428
1254 2428
1328 2428
1516 2428
2084 2428
2268 2428
2428 2475
2428 2544
2428 3180
2428 3963
306 2475
609 2475
664 2475
988 2475
1002 2475
1352 2475
2065 2475
2279 2475
2475 3452
972 2545
1290 2545
1739 2545
14 2391
14 2546
79 2391
152 2391
353 2391
410 2391
423 2391
610 2391
1270 2391
1490 2391
1743 2391
2023 2391
2060 2391
2270 2391
2356 2391
2391 2546
2391 3955
15 1213
61 1213
257 1213
297 1213
318 1213
320 1213
557 1213
648 1213
851 1213
891 1213
1077 1213
1147 1213
1172 1213
1188 1213
1213 1497
1213 1619
1213 1629
1213 1756
1213 1919
1213 3535
1213 3536
1213 3537
1213 3538
1213 3539
1213 3540
1213 3541
1213 3542
1213 3543
1213 3544
1213 3545
1213 3546
1213 3547
1213 3548
1213 3549
1213 3550
16 90
90 665
90 1039
90 2167
90 2610
90 2611
90 2612
90 2613
90 2614
90 2615
90 2616
90 2617
17 106
106 1629
106 2634
106 2635
106 2636
106 2637
106 2638
106 2639
19 1423
960 1423
1423 3646
20 2535
41 2535
264 2535
328 2535
354 2535
552 2535
669 2535
700 2535
1078 2535
1121 2535
1276 2535
1528 2535
1610 2535
1763 2535
1837 2535
1973 2535
2115 2535
2146 2535
2322 2535
2334 2535
2384 2535
2403 2535
2421 2535
2527 2535
2530 2535
2535 3982
21 441
21 665
21 2024
21 2547
21 2548
21 2549
21 2550
21 2551
21 2552
21 2553
21 2554
382 441
441 665
441 1039
441 2562
441 2914
441 2915
441 2916
441 2917
441 2918
441 2919
441 2920
441 2921
41 665
70 665
95 665
665 798
665 880
665 964
665 1039
665 1114
665 1189
665 1535
665 1862
665 2161
665 2167
665 2180
665 2251
665 2326
665 2370
665 2393
665 2480
665 2502
665 2524
665 2562
665 3141
665 3149
1565 2024
2024 2766
2024 2798
22 80
22 2555
80 163
80 742
80 1245
80 1403
80 1894
80 2555
80 2575
80 2576
80 2577
80 2578
80 2579
80 2580
80 2581
80 2582
80 2583
80 2584
80 2585
23 1700
23 1728
375 1700
1700 3757
1700 3758
131 1728
319 1728
351 1728
664 1728
848 1728
960 1728
1042 1728
1728 1916
1728 2118
1728 2437
1728 2465
1728 2809
1728 2931
1728 3761
24 2445
24 2556
790 2445
856 2445
1010 2445
1247 2445
1362 2445
1501 2445
1546 2445
1548 2445
1753 2445
1956 2445
2269 2445
2305 2445
2354 2445
2445 2487
2445 3966
2445 3967
2445 3968
1508 2556
1531 2556
2142 2556
25 2000
334 2000
1073 2000
1354 2000
1461 2000
1576 2000
1901 2000
2000 3862
2000 3863
26 2278
251 2278
357 2278
411 2278
453 2278
494 2278
556 2278
833 2278
926 2278
949 2278
995 2278
1041 2278
1119 2278
1131 2278
1170 2278
1182 2278
1288 2278
1408 2278
1417 2278
1543 2278
1635 2278
1696 2278
1717 2278
1740 2278
1800 2278
1804 2278
1981 2278
2023 2278
2026 2278
2147 2278
2232 2278
2278 2751
2278 3224
2278 3577
2278 3718
2278 3931
2278 3932
27 2022
27 2557
2022 2557
230 2557
493 2557
918 2557
1216 2557
1232 2557
1248 2557
1286 2557
1532 2557
1672 2557
1674 2557
2023 2557
2312 2557
2362 2557
2390 2557
2488 2557
2504 2557
28 2502
85 2502
706 2502
1899 2502
2039 2502
2066 2502
2502 3975
29 1855
29 2513
1855 2214
1855 2351
1855 2513
44 2513
176 2513
241 2513
327 2513
425 2513
728 2513
846 2513
889 2513
1008 2513
1240 2513
1245 2513
1338 2513
1473 2513
1495 2513
1660 2513
1823 2513
1844 2513
1881 2513
1937 2513
1952 2513
1957 2513
1987 2513
2214 2513
2218 2513
2245 2513
2308 2513
2314 2513
2329 2513
2351 2513
2399 2513
2507 2513
2512 2513
2513 2520
2513 3977
30 125
125 137
125 258
125 751
125 867
125 1146
125 1209
125 1521
125 1539
125 1709
125 1768
125 1777
125 2166
125 2202
125 2215
125 2239
125 2257
125 2651
125 2652
125 2653
125 2654
125 2655
125 2656
125 2657
125 2658
125 2659
125 2660
125 2661
125 2662
125 2663
125 2664
125 2665
125 2666
125 2667
31 1356
31 1904
93 1356
286 1356
319 1356
444 1356
456 1356
565 1356
613 1356
636 1356
652 1356
670 1356
676 1356
726 1356
772 1356
817 1356
1137 1356
1138 1356
1224 1356
1280 1356
1351 1356
1356 1496
1356 1623
1356 1712
1356 1713
1356 1822
1356 1891
1356 1904
1356 2248
1356 3162
1356 3610
1356 3611
1356 3612
1356 3613
1356 3614
1356 3615
1356 3616
1356 3617
1356 3618
1356 3619
1356 3620
1356 3621
1356 3622
1356 3623
1356 3624
1356 3625
1356 3626
1356 3627
447 1904
1904 2609
32 1322
852 1322
1322 1360
1322 1629
1322 3585
1322 3586
1322 3587
1322 3588
1322 3589
33 1082
219 1082
644 1082
767 1082
804 1082
1012 1082
1082 1207
1082 1321
1082 1472
1082 1856
1082 1946
1082 2100
1082 2181
1082 2252
1082 2481
1082 3151
1082 3442
1082 3443
1082 3444
1082 3445
1082 3446
1082 3447
1082 3448
1082 3449
1082 3450
35 1249
35 1767
431 1249
1249 1767
1249 3558
239 1767
271 1767
311 1767
340 1767
518 1767
805 1767
861 1767
869 1767
884 1767
1054 1767
1156 1767
1162 1767
1194 1767
1456 1767
1465 1767
1629 1767
1732 1767
1767 2173
1767 2206
1767 2745
1767 2746
1767 2756
1767 2805
1767 2938
1767 3320
1767 3482
1767 3694
1767 3791
1767 3792
1767 3793
1767 3794
1767 3795
37 1573
203 1573
776 1573
796 1573
909 1573
1304 1573
1512 1573
1573 2045
38 1271
151 1271
405 1271
519 1271
1088 1271
1091 1271
1141 1271
1271 1638
1271 2266
1271 2343
1271 2406
1271 2681
1271 2895
1271 3567
1271 3568
1271 3569
1271 3570
1271 3571
1271 3572
1271 3573
1271 3574
1271 3575
1271 3576
39 1498
39 2558
141 1498
345 1498
474 1498
531 1498
586 1498
684 1498
693 1498
702 1498
714 1498
854 1498
900 1498
943 1498
963 1498
1009 1498
1040 1498
1112 1498
1123 1498
1222 1498
1236 1498
1253 1498
1361 1498
1391 1498
1398 1498
1428 1498
1434 1498
1498 1783
1498 2164
1498 2203
1498 2398
1498 2454
1498 2497
1498 2558
1498 2645
1498 2674
1498 2675
1498 2850
1498 2994
1498 3043
1498 3300
1498 3565
1498 3647
1498 3648
1498 3696
1498 3697
1498 3698
1498 3699
1498 3700
1498 3701
1498 3702
1498 3703
1498 3704
1498 3705
723 2558
1227 2558
1391 2558
1434 2558
1783 2558
2181 2558
2455 2558
40 1174
62 1174
168 1174
194 1174
248 1174
569 1174
618 1174
641 1174
658 1174
711 1174
736 1174
838 1174
877 1174
1161 1174
1174 1219
1174 1403
1174 1483
1174 1546
1174 1605
1174 1780
1174 1880
1174 1950
1174 1966
1174 2101
1174 2187
1174 2258
1174 2903
1174 3153
1174 3209
1174 3221
1174 3293
1174 3310
1174 3488
1174 3489
1174 3490
1174 3491
1174 3492
1174 3493
1174 3494
1174 3495
1174 3496
1174 3497
1174 3498
1174 3499
1174 3500
1174 3501
1174 3502
1174 3503
1174 3504
1174 3505
1174 3506
1174 3507
1174 3508
1174 3509
1174 3510
1174 3511
41 1684
41 1920
41 2395
41 2470
41 2480
41 2559
41 2560
41 2561
41 2562
562 1684
567 1684
1599 1684
1684 3753
1684 3754
1920 3840
516 2395
1020 2395
1693 2395
2395 3957
2470 3471
1039 2480
1862 2480
2167 2480
2465 2480
2480 2481
2480 3177
827 2560
1036 2560
276 2562
1039 2562
1477 2562
1531 2562
1979 2562
42 2531
200 2531
246 2531
277 2531
417 2531
605 2531
635 2531
820 2531
826 2531
911 2531
917 2531
956 2531
1065 2531
1197 2531
1233 2531
1293 2531
1320 2531
1394 2531
1419 2531
1518 2531
1549 2531
1555 2531
1584 2531
1612 2531
1678 2531
1695 2531
1722 2531
1875 2531
1915 2531
1933 2531
2011 2531
2016 2531
2165 2531
2170 2531
2204 2531
2299 2531
2330 2531
2338 2531
2367 2531
2422 2531
2440 2531
2452 2531
2466 2531
2493 2531
2499 2531
2509 2531
2510 2531
2515 2531
2522 2531
2523 2531
2531 3271
2531 3907
2531 3980
2531 3981
43 1476
43 1547
68 1476
111 1476
213 1476
253 1476
321 1476
418 1476
428 1476
476 1476
547 1476
748 1476
865 1476
890 1476
892 1476
910 1476
912 1476
942 1476
1092 1476
1094 1476
1134 1476
1377 1476
1476 1561
1476 1569
1476 1648
1476 1762
1476 1877
1476 2051
1476 2105
1476 2167
1476 2289
1476 2342
1476 2352
1476 3039
1476 3157
1476 3213
1476 3354
1476 3355
1476 3356
1476 3484
1476 3552
1476 3678
1476 3679
1476 3680
1476 3681
1476 3682
1476 3683
1476 3684
1476 3685
1476 3686
1476 3687
1476 3688
1476 3689
1476 3690
1476 3691
1476 3692
807 1547
1547 2467
1547 2485
1547 2994
44 327
44 1240
44 2329
44 2507
327 1240
327 1298
327 2329
327 2507
327 2811
1240 2507
2329 2507
45 1120
45 1184
45 1570
45 2320
45 2347
45 2563
171 1120
1120 1184
1120 1376
1120 1570
1120 1925
1120 2320
1120 2347
1120 2533
1120 2563
1120 3469
92 1184
171 1184
294 1184
814 1184
1026 1184
1087 1184
1184 1194
1184 1376
1184 1442
1184 1546
1184 1570
1184 1641
1184 1650
1184 1889
1184 1925
1184 2148
1184 2320
1184 2324
1184 2347
1184 2477
1184 2533
1184 2563
1184 2763
1184 3469
1184 3512
1184 3513
1184 3514
1184 3515
1184 3516
1184 3517
1184 3518
1184 3519
1184 3520
1184 3521
1570 2347
1925 2320
2320 2324
2320 2347
2320 2563
2320 3521
1087 2347
1925 2347
2347 2563
2347 3518
171 2563
1925 2563
47 183
47 1309
183 1309
183 2695
189 1309
1309 1848
50 2524
50 2564
260 2524
412 2524
498 2524
1039 2524
1485 2524
1565 2524
1613 2524
2053 2524
2097 2524
2283 2524
2311 2524
2524 3609
798 2564
51 2220
165 2220
978 2220
1443 2220
1726 2220
1810 2220
2110 2220
2220 3177
52 401
52 630
52 839
52 1715
52 2105
52 2417
52 2454
52 2565
73 401
86 401
196 401
401 500
401 1629
401 1689
401 2514
401 2757
401 2765
401 2865
401 2866
401 2867
401 2868
401 2869
401 2870
401 2871
401 2872
401 2873
401 2874
401 2875
401 2876
401 2877
401 2878
401 2879
401 2880
401 2881
401 2882
401 2883
401 2884
401 2885
401 2886
401 2887
401 2888
401 2889
401 2890
401 2891
401 2892
630 1715
630 2485
630 2565
839 1113
839 1228
839 1737
839 1838
839 1876
839 2046
839 2112
839 2121
839 2187
839 2360
839 2430
839 2454
839 2698
839 3102
839 3132
839 3188
839 3295
1715 1825
1715 2565
99 2105
390 2105
465 2105
548 2105
813 2105
1085 2105
1284 2105
1308 2105
1416 2105
1762 2105
2105 2335
2105 2456
2105 2460
2105 2512
2105 2565
2105 2645
2105 3268
156 2417
736 2417
2417 2668
474 2454
531 2454
583 2454
837 2454
900 2454
943 2454
1215 2454
1625 2454
1642 2454
1720 2454
1788 2454
1884 2454
2039 2454
2134 2454
2187 2454
2212 2454
2319 2454
2360 2454
2454 2485
2454 2508
2454 2992
2454 2994
632 2565
1308 2565
1747 2565
53 833
53 2010
149 833
150 833
361 833
369 833
527 833
574 833
646 833
674 833
833 844
833 1170
833 1251
833 1330
833 1337
833 1412
833 1522
833 1853
833 2023
833 2096
833 2119
833 2143
833 2373
833 2830
833 3168
833 3169
833 3287
833 3288
833 3289
833 3290
833 3291
833 3292
170 2010
2010 2292
2010 2366
54 1471
1471 1916
1471 2027
1471 3675
1471 3676
1471 3677
55 432
55 1642
55 1876
55 2039
55 2137
55 2185
55 2451
55 2566
55 2567
432 1106
432 1382
432 1505
432 1642
432 2032
432 2212
432 2405
432 2567
531 1642
1106 1642
1608 1642
1642 1720
1642 2032
1642 2039
1642 2089
1642 2112
1642 2212
1642 2294
1642 2360
1642 2451
1642 2485
1642 2519
1642 2567
1642 2673
969 1876
1745 1876
1876 2360
531 2039
969 2039
1284 2039
1788 2039
1884 2039
2039 2112
2039 2360
2039 2673
2039 2994
136 2451
655 2451
1159 2451
2405 2451
2415 2451
2451 2567
2451 2673
798 2566
1530 2566
2426 2567
56 572
185 572
304 572
404 572
523 572
572 579
572 908
572 1093
572 1179
572 1290
572 1768
572 2154
572 2359
572 2472
572 2862
572 3022
572 3023
572 3024
572 3025
572 3026
572 3027
572 3028
572 3029
572 3030
572 3031
572 3032
572 3033
572 3034
572 3035
572 3036
572 3037
572 3038
57 311
57 2226
57 2238
311 1156
311 2745
311 2805
383 2226
1563 2226
2226 2238
135 2238
324 2238
427 2238
566 2238
739 2238
810 2238
858 2238
944 2238
973 2238
1037 2238
1268 2238
1297 2238
1364 2238
1383 2238
1566 2238
1618 2238
1665 2238
1772 2238
1773 2238
1793 2238
1851 2238
1883 2238
1886 2238
2036 2238
2150 2238
2197 2238
2228 2238
2238 3921
2238 3922
2238 3923
2238 3924
58 1758
379 1758
403 1758
667 1758
1256 1758
1582 1758
1758 2135
1758 2852
1758 2894
1758 3782
59 310
60 310
174 310
252 310
310 954
310 1161
310 1235
310 1334
310 1406
310 1534
310 1546
310 1802
310 1821
310 1900
310 2346
310 2568
310 2569
310 2570
310 2787
310 2788
310 2789
310 2790
310 2791
310 2792
310 2793
310 2794
310 2795
310 2796
310 2797
310 2798
310 2799
310 2800
310 2801
310 2802
310 2803
310 2804
60 174
60 252
60 1235
60 2568
60 2569
60 2570
174 252
174 1235
174 2569
174 2570
252 1156
252 1161
252 1235
252 1821
252 2568
252 2569
252 2570
954 1235
1235 2568
1235 2569
1235 2570
954 2568
1821 2569
1534 2570
1900 2570
61 2383
1307 2383
2383 2492
2383 3582
2383 3954
63 2035
131 2035
2035 2672
2035 3878
64 1114
305 1114
317 1114
629 1114
703 1114
1114 1945
1114 2370
1114 3465
1114 3466
1114 3467
1114 3468
65 1808
65 1964
65 2571
615 1808
1808 3810
1808 3811
1808 3812
950 1964
1118 1964
1546 1964
1665 1964
1964 2045
1964 2321
1964 2465
1964 2478
1964 3846
1964 3847
66 1839
145 1839
261 1839
362 1839
535 1839
847 1839
1003 1839
1066 1839
1135 1839
1372 1839
1459 1839
1545 1839
1647 1839
1659 1839
1791 1839
1839 1985
1839 2107
1839 2481
1839 2805
1839 3220
1839 3816
1839 3817
1839 3818
1839 3819
1839 3820
1839 3821
1839 3822
1839 3823
1839 3824
67 1007
197 1007
329 1007
607 1007
841 1007
897 1007
1007 1181
1007 1329
1007 1546
1007 1993
1007 2282
1007 2435
1007 3404
1007 3405
1007 3406
1007 3407
1007 3408
1007 3409
1007 3410
69 2190
69 2572
487 2190
1636 2190
2190 2321
1974 2572
70 662
70 2573
70 2574
662 2573
662 3157
465 531
474 531
515 531
531 714
531 739
531 900
531 943
531 969
531 1074
531 1106
531 1214
531 1223
531 1284
531 1379
531 1625
531 1788
531 1884
531 1996
531 2032
531 2112
531 2200
531 2360
531 2446
531 2484
531 2485
531 2496
531 2508
531 2673
531 2850
531 2857
531 2992
531 2994
1111 1382
1215 1382
1382 1515
1382 2532
136 1608
1223 1608
1608 1625
1608 1719
1608 1720
1608 2335
1608 2405
1608 2441
1608 2508
1608 2673
136 1719
555 1719
1099 1719
1159 1719
1223 1719
1237 1719
1719 1720
1719 1792
1719 2093
1719 2360
1719 2673
136 1720
969 1720
1159 1720
1223 1720
1237 1720
1357 1720
1720 1792
1720 2128
1720 2360
1720 2405
1720 2673
655 2032
725 2032
1111 2032
1223 2032
1243 2032
2013 2032
2032 2212
2032 2319
2032 2405
2032 2441
294 2112
383 2112
386 2112
548 2112
634 2112
714 2112
819 2112
969 2112
1074 2112
1104 2112
1151 2112
1214 2112
1284 2112
1362 2112
1379 2112
1462 2112
1593 2112
1775 2112
1813 2112
1863 2112
1942 2112
1946 2112
1991 2112
1996 2112
2112 2121
2112 2138
2112 2360
2112 2464
2112 2467
2112 2484
2112 2486
2112 2766
2112 2857
2112 2992
2112 2994
1357 2319
2089 2319
2212 2319
2319 2360
2319 3942
1223 2441
1718 2441
2441 3285
72 1230
72 2251
1230 2251
1230 2775
77 2251
79 2251
95 2251
894 2251
1028 2251
1145 2251
1425 2251
1829 2251
2054 2251
2191 2251
2251 3826
2251 3880
2251 3926
2251 3927
2251 3928
2251 3929
2251 3930
74 813
74 1257
465 813
515 813
813 1416
813 2215
813 2335
813 2460
813 2911
813 2988
813 3268
387 1257
1103 1257
1104 1257
1257 1788
1257 2988
75 798
96 798
210 798
231 798
298 798
415 798
550 798
647 798
743 798
744 798
798 818
798 831
798 938
798 1481
798 2628
798 2767
798 2875
798 3229
798 3230
798 3231
798 3232
798 3233
798 3234
798 3235
798 3236
798 3237
798 3238
798 3239
798 3240
798 3241
798 3242
798 3243
798 3244
798 3245
798 3246
798 3247
798 3248
798 3249
798 3250
798 3251
798 3252
76 1316
211 1316
570 1316
580 1316
757 1316
1316 1582
1316 3041
1316 3583
77 2054
1844 2054
2054 2350
2054 3826
2054 3880
78 84
78 160
78 1152
78 2514
84 160
84 1152
84 2514
160 1152
160 2514
1152 2514
173 2514
1629 2514
2304 2514
2514 3978
163 2581
175 742
742 2585
176 1245
517 1245
720 1245
979 1245
1050 1245
1079 1245
1245 1519
1245 1742
1245 1746
1245 1908
1245 2009
1245 2057
1245 2169
1245 2256
1245 2314
1245 2402
1245 2463
1245 2516
1245 2647
1245 2649
1245 3553
1245 3554
1245 3555
1245 3556
1245 3557
1403 1974
1894 3153
146 2575
805 2582
1290 2585
384 733
733 1656
101 1073
153 1073
1073 1371
1073 1440
1073 1444
1073 1582
1073 2321
1656 2597
797 1664
1664 1859
1664 2289
1714 2607
2199 2607
2333 2600
461 2602
785 2602
536 2606
82 1479
82 1761
1479 1761
92 1761
539 1761
934 1761
1164 1761
1567 1761
1582 1761
1597 1761
1761 1790
1761 1861
1761 1892
1761 1913
1761 1970
1761 2384
1761 3710
1761 3783
1761 3784
1761 3785
1761 3786
1761 3787
1761 3788
1761 3789
1761 3790
83 2109
268 2109
482 2109
731 2109
1125 2109
1395 2109
1630 2109
1831 2109
2109 2937
2109 3887
85 706
85 2066
706 2066
87 1444
1444 1651
1444 1706
1444 3665
1444 3666
88 714
88 1067
88 2608
88 2609
714 900
714 1996
714 2083
714 2456
714 2911
1067 2609
1067 2731
1067 3091
1504 2608
583 2609
999 2609
89 588
89 1375
588 1375
588 3044
180 1375
408 1375
413 1375
1244 1375
1375 1629
1375 3044
1375 3634
1375 3635
1375 3636
1375 3637
1375 3638
1375 3639
1375 3640
95 1039
376 1039
620 1039
678 1039
779 1039
1039 1342
1039 1686
1039 1914
1039 2408
1039 2762
1039 3177
1039 3297
1039 3425
1039 3426
91 1546
91 2324
91 2618
91 2619
283 1546
295 1546
347 1546
533 1546
1109 1546
1124 1546
1530 1546
1546 1591
1546 1825
1546 1842
1546 2121
1546 2352
1546 2708
1546 2797
1546 3148
1546 3155
1546 3719
1376 2324
1410 2324
1925 2324
2324 2533
2324 3943
92 584
92 2620
584 1597
584 2620
1597 2620
93 834
444 834
834 2286
834 2431
94 1262
963 1262
1262 3564
95 2621
95 2622
95 2623
95 2624
95 2625
95 2626
95 2627
96 2628
97 1407
97 1536
97 2476
395 1407
1407 1536
1407 2476
1536 2476
202 2476
395 2476
1032 2476
1551 2476
1923 2476
2023 2476
2025 2476
2476 2701
2476 3970
98 1069
98 2222
1069 2222
1373 2222
1812 2222
2222 2931
99 383
99 387
99 403
99 769
99 969
99 1762
99 2138
99 2460
294 383
383 819
383 1104
383 1379
383 1563
383 1734
383 1991
383 2138
383 2854
387 837
387 900
387 969
387 1593
387 1813
387 1909
387 1991
387 1996
387 2484
387 2485
387 2856
387 2857
403 2894
769 1057
769 1347
136 969
301 969
548 969
832 969
961 969
969 999
969 1085
969 1745
969 1775
969 2046
969 2121
969 2294
969 2397
969 2489
969 2775
969 2857
969 3098
969 3100
969 3127
912 1762
1754 1762
1762 2198
1762 3355
1762 3751
1049 2138
1190 2138
1236 2138
1308 2138
1379 2138
1593 2138
2138 3295
1955 2460
2221 2460
2364 2460
2460 2512
2460 3268
100 807
634 807
807 1585
807 1916
807 1931
807 3146
807 3254
807 3255
807 3256
807 3257
807 3258
807 3259
807 3260
807 3261
807 3262
807 3263
807 3264
807 3265
101 153
101 1218
101 1371
101 2629
101 2630
101 2631
153 195
153 560
153 1218
153 1371
153 1627
153 2082
153 2629
153 2631
153 2682
153 2683
153 2684
153 2685
153 2686
153 2687
153 2688
153 2689
1218 1371
1218 1665
1218 2629
1218 2685
464 1371
1371 2629
1371 2631
1371 2685
1371 3579
1371 3633
195 2629
560 2629
102 2363
102 2632
214 2363
904 2363
1326 2363
1632 2363
1759 2363
1797 2363
2363 2632
2363 3946
214 2632
1797 2632
103 1917
103 2067
103 2328
103 2419
1917 2067
1917 2328
1917 2419
1917 2759
1917 3294
269 2067
2067 2328
2067 2419
164 2328
2328 2419
269 2419
406 2419
598 2419
730 2419
916 2419
955 2419
992 2419
1349 2419
1629 2419
1692 2419
1725 2419
1727 2419
1764 2419
1776 2419
1832 2419
1885 2419
2103 2419
2207 2419
2217 2419
2297 2419
2409 2419
2410 2419
2419 3294
2419 3961
2419 3962
104 645
104 1440
104 1847
104 2339
104 2416
104 2633
645 1312
645 1440
645 2339
129 1440
142 1440
463 1440
577 1440
587 1440
612 1440
859 1440
1110 1440
1139 1440
1264 1440
1312 1440
1363 1440
1440 1487
1440 1623
1440 1662
1440 1752
1440 1847
1440 1969
1440 2171
1440 2184
1440 2237
1440 2339
1440 2416
1440 2495
1440 2633
1440 2676
1440 2764
1440 3040
1440 3147
1440 3304
1440 3649
1440 3650
1440 3651
1440 3652
1440 3653
1440 3654
1440 3655
1440 3656
1440 3657
1440 3658
1440 3659
1440 3660
1440 3661
1440 3662
1440 3663
1440 3664
1752 1847
1847 2237
1847 2339
1847 2416
142 2339
1752 2339
1969 2339
2184 2339
2237 2339
2339 2416
2339 2495
2339 3040
2339 3659
859 2416
2416 3040
234 1629
500 1629
546 1629
664 1629
752 1629
862 1629
959 1629
972 1629
1128 1629
1202 1629
1460 1629
1491 1629
1509 1629
1541 1629
1602 1629
1628 1629
1629 1633
1629 1807
1629 1919
1629 2047
1629 2142
1629 3359
1629 3740
107 2387
107 2640
342 2387
2387 2640
342 2640
419 2640
760 2640
863 2640
1803 2640
2140 2640
2280 2640
2439 2640
2503 2640
2526 2640
108 2641
475 2641
602 2641
1873 2641
2273 2641
2343 2641
2389 2641
109 409
109 2286
409 2095
409 2286
409 2756
175 2286
323 2286
380 2286
508 2286
549 2286
653 2286
705 2286
749 2286
774 2286
939 2286
1034 2286
1035 2286
1053 2286
1060 2286
1345 2286
1380 2286
1397 2286
1410 2286
1449 2286
1488 2286
1503 2286
1517 2286
1598 2286
1654 2286
1896 2286
1934 2286
2043 2286
2048 2286
2061 2286
2095 2286
2139 2286
2153 2286
2284 2286
2286 2481
2286 2853
2286 3208
2286 3223
2286 3693
2286 3695
2286 3933
2286 3934
2286 3935
2286 3936
110 1104
164 1104
819 1104
1104 2288
1104 2766
112 832
182 832
397 832
548 832
832 919
832 952
832 994
832 1085
832 1416
832 1916
832 2335
832 2446
832 2694
832 3268
832 3278
832 3279
832 3280
832 3281
832 3282
832 3283
832 3284
832 3285
832 3286
113 1029
113 1211
113 2642
113 2643
222 1029
367 1029
1029 1211
1029 1277
1029 1617
1029 1860
1029 2343
1029 2642
1029 2643
1029 2716
1029 2835
1029 3421
1029 3422
1029 3423
1029 3424
1038 1211
1211 2642
1211 2643
1211 3534
316 2643
1038 2643
1860 2643
114 862
114 2644
167 862
679 862
764 862
862 1058
862 1508
862 2644
862 3305
862 3306
862 3307
1058 2644
116 1986
773 1986
1644 1986
1699 1986
1865 1986
1986 2420
1986 2481
1986 3856
1986 3857
1986 3858
1986 3859
1986 3860
1986 3861
117 272
117 533
117 1441
117 1454
117 2645
117 2646
272 533
272 1006
272 1825
272 2404
272 2753
272 2754
274 533
315 533
460 533
533 914
533 1006
533 1399
533 1441
533 1580
533 1724
533 2294
533 2753
533 2754
533 2755
533 2997
533 2998
533 2999
533 3000
533 3001
533 3002
533 3003
533 3004
533 3005
533 3006
533 3007
533 3008
533 3009
533 3010
583 1441
1441 2646
1006 1454
1399 1454
1454 2646
1884 2645
1209 2646
2195 2646
118 1342
236 1342
1253 1342
1342 3599
1342 3600
1342 3601
1342 3602
1342 3603
119 1932
119 2647
596 1932
965 1932
1679 1932
1704 1932
1932 2098
1932 2501
1932 2647
158 2647
300 2647
332 2647
335 2647
393 2647
452 2647
596 2647
965 2647
1210 2647
1526 2647
1679 2647
1704 2647
1751 2647
1874 2647
1967 2647
2020 2647
2064 2647
2098 2647
2188 2647
2471 2647
2501 2647
2529 2647
120 1954
120 2648
162 1954
388 1954
414 1954
1954 2648
1954 2693
1954 3841
1954 3842
1954 3843
1954 3844
1954 3845
121 1079
121 2649
169 1079
718 1079
1079 1129
1079 1843
1079 2063
1079 2259
1079 2649
1079 3434
1079 3435
1079 3436
1079 3437
1079 3438
1079 3439
1079 3440
1079 3441
263 2649
289 2649
312 2649
407 2649
526 2649
783 2649
1050 2649
1396 2649
1511 2649
1688 2649
1701 2649
2122 2649
2227 2649
2307 2649
2494 2649
123 2279
123 2348
123 2364
123 2418
124 2279
416 2279
609 2279
631 2279
797 2279
866 2279
1018 2279
1279 2279
1347 2279
1482 2279
1538 2279
1694 2279
1794 2279
1955 2279
2041 2279
2059 2279
2229 2279
2240 2279
2279 2345
2279 2348
2279 2364
2279 2418
2279 2897
2279 2994
2279 3416
2279 3669
124 2348
631 2348
1482 2348
1694 2348
1955 2348
2029 2348
2348 2364
2348 2418
124 2364
198 2364
1113 2364
1294 2364
1482 2364
1955 2364
2029 2364
2121 2364
2145 2364
2318 2364
2364 2418
2364 2438
2364 2698
2364 2699
1113 2418
1294 2418
1354 2418
1955 2418
2029 2418
2145 2418
2318 2418
2418 2438
2418 2698
124 186
124 1955
124 2650
186 234
186 1258
186 1435
186 2697
198 1955
1294 1955
1482 1955
1538 1955
1955 2029
1955 2229
1955 2318
686 2650
2121 2650
137 2215
258 1146
258 1709
258 2166
258 2239
258 2257
258 2666
751 2202
751 2215
867 1146
867 1709
867 2257
1146 1709
1146 2166
1146 2257
1146 2666
1209 3262
1521 2166
1521 2660
908 1539
1539 2073
1539 2166
1709 2166
1709 2257
1709 2666
664 1768
908 1768
1317 1768
1768 1890
1768 2073
1768 3796
1777 2166
1689 2166
2166 2239
2166 2257
2166 2665
2166 2666
2202 2661
1024 2215
2215 2661
2239 2257
2239 2665
2257 2666
226 2657
1391 2665
126 1864
126 2085
126 2485
1864 2485
671 2085
1410 2085
2085 2276
2085 3885
250 2485
339 2485
373 2485
384 2485
465 2485
521 2485
583 2485
659 2485
715 2485
784 2485
825 2485
963 2485
991 2485
1106 2485
1122 2485
1201 2485
1234 2485
1333 2485
1359 2485
1388 2485
1431 2485
1504 2485
1560 2485
1586 2485
1589 2485
1691 2485
1698 2485
1909 2485
1972 2485
2007 2485
2074 2485
2113 2485
2121 2485
2134 2485
2192 2485
2216 2485
2221 2485
2281 2485
2376 2485
2378 2485
2381 2485
2385 2485
2386 2485
2397 2485
2404 2485
2432 2485
2433 2485
2456 2485
2484 2485
2485 2490
2485 3156
2485 3593
2485 3885
2485 3971
2485 3972
2485 3973
2485 3974
127 156
127 2244
127 2517
127 2668
156 2668
156 2691
2244 2517
2244 2668
2297 2517
2517 2668
228 2668
365 2668
875 2668
907 2668
963 2668
1076 2668
1940 2668
1949 2668
2075 2668
2132 2668
2482 2668
128 917
128 2669
128 2670
144 917
664 917
687 917
823 917
902 917
917 2213
131 319
131 1378
131 2001
131 2671
131 2672
308 319
319 664
319 960
319 1916
319 2118
319 2808
319 2809
864 1378
936 1378
1378 3641
1378 3642
1378 3643
235 2001
573 2001
816 2001
927 2001
1195 2001
1199 2001
1346 2001
1464 2001
1988 2001
2001 2349
2001 2430
2001 3269
2001 3270
2001 3584
2001 3864
2001 3865
2001 3866
2001 3867
2001 3868
2001 3869
2001 3870
1163 2672
1185 2672
1568 2672
1893 2672
2303 2672
132 2389
475 2389
682 2389
906 2389
1081 2389
1142 2389
1250 2389
1283 2389
1556 2389
1604 2389
2309 2389
2343 2389
133 2393
578 2393
880 2393
1229 2393
1353 2393
2393 3956
135 810
135 2036
810 2145
136 935
136 1223
136 1625
136 2508
136 2673
647 935
935 2467
935 3360
1223 2093
1223 2360
1223 2484
1223 2496
1223 2508
1223 3236
474 1625
943 1625
1284 1625
1625 1788
1625 2446
1625 2484
1625 2508
1625 2857
474 2508
1099 2508
1788 2508
2508 2673
1624 2673
2360 2673
139 2298
963 2298
1127 2298
1200 2298
1255 2298
1574 2298
1579 2298
1621 2298
1990 2298
2272 2298
2298 3939
2298 3940
2298 3941
140 2290
1274 2290
1315 2290
1828 2290
1984 2290
2290 3938
141 900
141 1434
141 2674
141 2675
474 900
900 943
900 1222
900 1236
900 1361
900 2360
900 2456
900 2992
1434 3647
1434 3648
142 2171
142 2676
612 2171
2171 3658
1312 2676
143 908
143 961
143 2129
143 2159
143 2252
143 2677
184 908
201 908
288 908
290 908
301 908
439 908
509 908
511 908
660 908
811 908
908 1154
908 1343
908 1572
908 1872
908 1930
908 2046
908 2125
908 2178
908 2413
908 2696
908 2700
908 2760
908 2768
908 2845
908 3267
908 3333
908 3334
908 3335
908 3336
908 3337
908 3338
908 3339
908 3340
908 3341
908 3342
908 3343
908 3344
908 3345
908 3346
908 3347
908 3348
908 3349
908 3350
908 3351
908 3352
908 3353
961 1292
961 1909
961 1991
961 2074
961 2121
2129 2352
2159 2352
1321 2252
1950 2252
2252 3171
144 2678
144 2679
144 2680
1653 2679
145 971
461 971
971 1352
147 1064
147 1130
147 1897
1064 1897
191 1130
740 1130
1130 1708
1130 1897
1130 3472
161 1897
191 1897
603 1897
924 1897
1314 1897
1563 1897
1680 1897
1708 1897
1733 1897
1799 1897
1897 1992
1897 2189
1897 3358
1897 3752
1897 3830
1897 3831
1897 3832
148 1052
148 1266
148 2516
187 1052
377 1052
440 1052
791 1052
989 1052
1052 1344
1052 2230
1052 2249
1052 2447
1052 2848
1052 2849
1052 3429
1052 3430
1052 3431
709 1266
928 1266
1266 2861
240 2516
923 2516
1055 2516
1107 2516
1307 2516
1526 2516
2423 2516
2465 2516
2516 3415
150 2119
674 2119
1522 2119
2119 3169
2119 3291
151 2681
1345 2681
152 610
610 2270
1627 2947
2082 2688
1807 2689
154 178
154 1070
154 1635
154 1835
154 2690
178 437
178 1635
178 1835
178 2690
437 1070
844 1070
1070 1635
1070 1835
1070 2690
1070 3433
437 1635
477 1635
844 1635
1448 1635
1493 1635
1587 1635
1635 1804
1635 1835
1635 2023
1635 2096
1635 2690
1635 3217
1635 3433
1635 3592
1635 3668
1635 3741
437 1835
844 1835
1835 2690
437 2690
1109 2691
1942 2691
157 2692
368 2692
746 2692
883 2692
996 2692
1916 2692
159 1178
159 1341
443 1178
528 1178
614 1178
1044 1178
1178 1310
1178 1341
1178 1902
1178 2427
190 1341
443 1341
497 1341
528 1341
614 1341
713 1341
734 1341
1033 1341
1044 1341
1310 1341
1341 1754
1341 1902
1341 1916
1341 1982
1341 2123
1341 2427
1341 2449
1341 2922
1341 3595
1341 3596
1341 3597
1341 3598
162 2693
164 2092
164 2173
698 2092
773 2092
1002 2092
2092 2269
2092 3184
2173 2746
166 1169
255 1169
391 1169
1169 2995
1169 3487
167 2694
170 2366
483 2366
789 2366
1023 2366
1582 2366
2050 2366
2079 2366
2292 2366
2366 3947
171 1925
1087 1925
1442 1925
1641 1925
1650 1925
1925 2533
1925 3521
172 972
199 972
227 972
234 972
280 972
282 972
309 972
553 972
649 972
661 972
668 972
672 972
677 972
729 972
812 972
972 1418
972 1744
972 1807
972 1995
972 2434
972 3372
972 3373
972 3374
972 3375
972 3376
972 3377
972 3378
972 3379
972 3380
972 3381
972 3382
972 3383
972 3384
972 3385
972 3386
972 3387
972 3388
972 3389
972 3390
972 3391
972 3392
972 3393
972 3394
972 3395
972 3396
972 3397
972 3398
972 3399
175 1024
175 1598
450 1024
1024 2221
1024 2370
1024 2756
1598 1896
1598 2515
1598 3222
176 2314
846 2314
948 2314
1144 2314
1281 2314
1495 2314
1857 2314
2133 2314
2205 2314
2308 2314
177 2180
2180 2483
181 1742
193 1742
326 1742
343 1742
455 1742
471 1742
537 1742
582 1742
1001 1742
1038 1742
1090 1742
1098 1742
1348 1742
1415 1742
1567 1742
1730 1742
1742 1765
1742 2316
1742 2462
1742 2814
1742 3402
1742 3534
1742 3551
1742 3772
1742 3773
1742 3774
1742 3775
1742 3776
1742 3777
1742 3778
1742 3779
182 1996
386 1996
465 1996
840 1996
876 1996
1691 1996
1975 1996
1996 2370
1996 2486
1996 2992
184 290
184 509
184 2696
290 509
290 2696
509 1930
509 2696
1343 2696
1572 2696
1872 2696
1930 2696
188 234
234 595
234 722
234 815
234 1258
234 1435
234 1928
234 2697
234 2729
234 2730
234 2731
234 2732
234 2733
234 2734
234 2735
1258 1435
1258 1928
1258 2734
595 1435
815 1435
1435 1928
1435 2734
595 2697
815 2697
190 1044
191 924
191 1992
191 2189
924 3358
1992 2189
2189 3472
302 611
611 1626
611 1683
611 2277
302 680
680 1683
1063 1466
1466 3179
259 1577
1577 1626
1577 1683
302 1626
1626 1637
1626 1683
1626 3723
1673 1683
1683 2277
1683 3179
1683 3722
302 2277
2277 3723
193 1747
1747 1884
1747 1983
1747 2294
1747 3131
198 1161
198 1194
198 2029
198 2121
198 2698
198 2699
1161 2800
1161 3484
1194 2756
1113 2029
1294 2029
2029 2121
2029 2145
2029 2698
262 2121
431 2121
454 2121
479 2121
481 2121
606 2121
640 2121
686 2121
785 2121
980 2121
1004 2121
1014 2121
1113 2121
1173 2121
1206 2121
1225 2121
1228 2121
1291 2121
1292 2121
1400 2121
1527 2121
1537 2121
1560 2121
1631 2121
1645 2121
1690 2121
1702 2121
1745 2121
1750 2121
1775 2121
1778 2121
1786 2121
1838 2121
1867 2121
1898 2121
1905 2121
1947 2121
1951 2121
2021 2121
2040 2121
2069 2121
2121 2145
2121 2187
2121 2209
2121 2318
2121 2360
2121 2446
2121 2698
2121 2699
2121 2935
2121 2936
2121 3132
2121 3295
2121 3644
2121 3876
2121 3888
2121 3889
2121 3890
2121 3891
1113 2698
1811 2698
2209 2698
2438 2698
996 2699
1294 2699
1985 2699
2120 2699
200 1065
200 1549
200 1695
200 2522
1065 1695
1065 2522
1695 2522
201 1154
201 1572
201 1930
201 2178
201 2700
1154 2700
2178 2700
202 2701
1616 2701
203 1304
205 500
205 1405
500 1318
500 1405
500 2899
500 2957
500 2958
500 2959
500 2960
500 2961
500 2962
500 2963
500 2964
500 2965
500 2966
500 2967
500 2968
500 2969
1113 1405
1405 2969
1405 3120
206 609
226 609
609 1384
609 1411
609 1965
609 1994
609 2794
609 3059
609 3060
609 3061
609 3062
609 3063
609 3064
609 3065
207 370
207 2702
275 370
370 1663
370 1665
370 2300
370 2702
370 2837
370 2838
370 2839
370 2840
370 2841
370 2842
370 2843
370 2844
208 563
208 2703
563 990
563 1191
563 2703
563 2931
563 3018
563 3019
563 3020
990 2703
209 2704
211 570
212 306
212 2705
265 306
306 338
306 604
306 717
306 886
306 1854
306 2705
306 2770
306 2771
306 2772
306 2773
306 2774
306 2775
306 2776
306 2777
306 2778
306 2779
306 2780
306 2781
306 2782
306 2783
306 2784
306 2785
306 2786
213 942
214 1326
214 1797
214 2706
1797 3419
1535 2706
215 2707
514 2707
778 2707
1520 2707
2023 2707
216 2174
1392 2174
2174 2423
2174 3909
217 2708
781 2708
1475 2708
1489 2708
1842 2708
2172 2708
2241 2708
2302 2708
2327 2708
2505 2708
2534 2708
218 1890
218 2709
576 1890
1327 1890
1741 1890
1858 1890
1890 2709
1890 3771
1858 2709
220 673
220 1175
220 1204
220 2068
220 2710
220 2711
220 2712
220 2713
220 2714
673 1204
673 2712
1175 2478
1204 2712
2068 2439
221 1535
221 2715
364 1535
469 1535
627 1535
628 1535
697 1535
873 1535
970 1535
1313 1535
1420 1535
1535 1731
1535 2014
1535 2061
1535 2080
1535 2088
1535 2388
1535 2425
1535 2715
1535 3042
1535 3370
1535 3371
1535 3716
1535 3717
1420 2715
1731 2715
2425 2715
222 2716
223 302
223 1499
302 688
302 940
302 1845
302 2769
224 225
225 325
225 421
225 486
225 1938
225 2076
225 2102
225 2717
225 2718
225 2719
225 2720
225 2721
225 2722
225 2723
225 2724
225 2725
225 2726
325 421
325 1938
325 2102
325 2717
325 2725
421 1938
421 2102
421 2725
468 486
486 664
486 895
486 1603
486 2939
486 2940
486 2941
1938 2102
1938 2724
2076 2722
2102 2724
2102 2725
226 1942
454 1942
912 1942
1011 1942
1319 1942
1942 1950
1942 1974
1942 2464
1942 2964
1942 3039
1942 3120
1942 3132
227 1418
1418 1995
1418 3398
229 1971
358 1971
543 1971
699 1971
1153 1971
1285 1971
1582 1971
1596 1971
1682 1971
1921 1971
1971 2183
1971 3850
1971 3851
1971 3852
1971 3853
1971 3854
1971 3855
230 2727
1671 2727
232 745
232 860
232 1529
232 1581
232 1649
232 1892
232 1913
232 1970
232 2728
745 860
745 1171
745 1529
745 1581
745 1649
745 1846
745 2728
860 1171
860 1529
860 1581
860 1649
860 2728
1171 1529
1529 1649
1529 1846
1529 2728
1171 1581
1581 1649
473 1649
707 1649
1171 1649
1649 1846
1649 2340
1649 2526
1649 2728
1649 3743
1649 3744
1649 3745
1790 1892
1861 1892
1892 1913
1892 1970
1892 3786
934 1913
1790 1913
1861 1913
1913 1970
1913 3786
934 1970
1790 1970
1861 1970
1970 3786
1970 3789
1171 2728
233 2246
558 2246
755 2246
822 2246
976 2246
1158 2246
1305 2246
1335 2246
1424 2246
2044 2246
2246 3401
2246 3581
2246 3925
595 815
595 1928
595 2734
722 764
815 1928
815 2734
1928 2734
237 1817
237 2236
1817 2236
307 2236
1165 2236
2236 3415
238 642
238 1828
238 2528
238 2736
238 2737
238 2738
238 2739
238 2740
238 2741
238 2742
238 2743
238 2744
642 2740
642 2743
1620 1828
1828 2321
1828 2528
466 2528
1468 2528
1562 2528
1841 2528
1870 2528
1976 2528
2401 2528
2500 2528
2528 3979
239 2745
239 2746
239 2747
2206 2746
2047 2747
240 1721
240 2260
1369 1721
1430 1721
1721 3760
524 2260
2260 2993
242 1681
242 2155
1681 1962
1681 2006
1681 3253
296 2155
424 2155
872 2155
963 2155
1155 2155
1463 2155
1694 2155
2155 3901
2155 3902
2155 3903
2155 3904
243 880
243 2748
372 880
564 880
578 880
880 1229
880 1339
880 1588
880 1677
880 1787
880 2748
880 3311
880 3312
880 3313
880 3314
880 3315
880 3316
880 3317
880 3318
880 3319
880 3320
1339 2748
1787 2748
2431 2748
244 1128
245 487
249 487
378 487
487 585
487 770
487 1282
487 1324
487 1675
487 1850
487 2815
487 2851
487 2942
487 2943
487 2944
487 2945
487 2946
487 2947
487 2948
487 2949
487 2950
487 2951
487 2952
487 2953
246 2499
2422 2499
2499 3250
247 1301
247 2343
247 2749
247 2750
1301 1727
1301 3308
367 2343
438 2343
534 2343
597 2343
664 2343
695 2343
737 2343
974 2343
1250 2343
1785 2343
2017 2343
2028 2343
2273 2343
2343 2375
2343 2750
467 2750
2310 2750
2372 2750
2407 2750
250 2074
1333 2074
1560 2074
2074 2216
251 1119
251 2751
1875 2751
1156 3482
1821 3390
254 2326
747 2326
1387 2326
2326 3944
255 380
380 1834
380 2095
380 2853
256 1591
420 1591
1226 1591
1494 1591
1591 3730
263 407
263 567
263 2510
407 783
567 1208
567 1654
2367 2510
266 1814
385 1814
1526 1814
1757 1814
1814 2223
1814 3715
1814 3813
267 695
458 695
534 695
568 695
695 2254
695 2518
695 2928
695 2929
695 3021
695 3181
695 3182
695 3183
268 1548
268 2063
2063 2259
2063 3439
269 1329
269 2752
1329 2805
1136 2752
270 720
480 720
589 720
720 1540
720 1655
720 1657
720 1669
720 1796
720 1953
720 2062
720 2168
720 2463
720 3045
720 3194
720 3195
720 3196
720 3197
720 3198
720 3199
720 3200
720 3201
720 3202
1006 1399
1006 2195
1006 2404
1006 2754
1006 3010
281 1825
1061 1825
1099 1825
1132 1825
1133 1825
1357 1825
1825 1884
1825 3473
1825 3814
583 2404
1580 2404
1724 2404
1884 2404
2130 2754
273 1785
1051 1785
1497 1785
1558 1785
1785 3807
1785 3808
1785 3809
274 2755
276 1979
276 2354
276 2487
276 2756
1936 1979
2354 2487
2154 2487
2487 2805
355 2756
1654 2756
1889 2756
2160 2756
277 417
277 956
384 417
278 806
278 2142
806 1413
806 2142
350 2142
1049 2142
1220 2142
1413 2142
1607 2142
1866 2142
1906 2142
2031 2142
2141 2142
2142 2247
2142 2355
2142 2444
2142 3360
2142 3892
2142 3893
2142 3894
2142 3895
2142 3896
2142 3897
2142 3898
2142 3899
2142 3900
279 347
347 2132
347 2816
347 2817
347 2818
347 2819
347 2820
347 2821
347 2822
347 2823
280 2757
281 1061
281 1099
281 1357
1099 1884
1357 1724
283 998
283 2758
998 1631
284 322
284 1336
322 1336
422 1336
1025 1336
1148 1336
1246 1336
1272 1336
1336 2005
1336 2045
1336 2242
1336 2365
1336 3594
285 1698
285 1919
921 1919
1807 1919
1919 3839
287 2759
288 2760
811 2760
289 1050
289 2761
685 1050
1048 1050
1050 2468
1050 2761
1050 3427
1050 3428
1048 2761
291 1035
291 2368
291 2762
2368 2762
977 2762
1914 2762
292 2182
529 2182
599 2182
947 2182
1307 2182
1474 2182
1583 2182
1639 2182
1980 2182
2058 2182
2182 2323
2182 3052
2182 3911
2182 3912
2182 3913
2182 3914
2182 3915
293 623
623 1513
623 1784
623 3138
623 3139
623 3140
294 647
294 784
294 1384
294 2763
294 2764
294 2765
294 2766
647 784
647 1384
647 1483
647 2294
647 2763
647 3121
647 3153
1384 3121
1811 2763
994 2764
1788 2764
884 2765
1106 2766
1253 2766
1379 2766
1863 2766
1991 2766
2125 2766
2464 2766
298 2767
299 534
534 3011
301 2216
301 2768
344 940
663 940
940 1845
940 2769
336 1845
344 1845
663 1845
993 1845
1514 1845
1526 1845
1676 1845
1685 1845
1818 1845
1845 2317
1845 2769
1845 3158
1845 3451
1845 3755
1845 3827
1845 3828
336 2769
344 2769
663 2769
303 671
671 1600
671 2276
671 3163
671 3164
671 3165
671 3166
671 3167
305 317
338 2771
338 2778
604 3057
717 1284
886 2779
1854 2783
1167 2775
1280 2775
434 2785
954 1900
954 2804
1334 2276
1406 2797
1802 2346
1802 2802
2346 2802
866 2794
1965 2794
2003 2794
346 2797
1180 2797
1723 2797
660 2798
1725 2799
1465 2805
313 2223
313 2806
385 2223
1526 2223
1757 2223
2223 2806
2223 3715
2223 3918
2223 3919
1757 2806
314 620
314 2807
359 620
620 762
620 2807
620 3071
620 3072
620 3073
620 3074
620 3075
620 3076
620 3077
316 1250
689 1250
882 1250
985 1250
1239 1250
1250 1542
1250 1774
1250 2090
1250 3322
1250 3559
1250 3560
1250 3561
1250 3562
318 891
891 897
891 1497
520 664
603 664
664 904
664 963
664 2023
664 2437
664 2465
664 2809
664 2931
664 3159
664 3160
363 960
398 960
960 2473
960 3364
616 1916
1252 1916
1916 2027
848 2118
2118 2809
449 2808
708 2808
771 2808
800 2808
1390 2808
2274 2808
1734 2809
1760 2809
2255 2809
321 418
323 1376
323 2810
1376 2533
1376 3520
501 2810
1298 1792
1298 2811
1298 3579
889 2811
329 1181
1181 1993
1181 2282
1181 3408
330 957
330 2231
957 2231
1578 2231
2231 2481
332 393
332 1874
393 965
393 1874
393 2529
452 1874
965 1874
1874 1967
333 709
709 2023
709 2855
709 3137
709 3188
709 3189
709 3190
709 3191
709 3192
335 2812
2057 2812
336 663
344 663
663 3158
337 759
337 823
759 823
823 2955
823 3193
823 3274
823 3275
823 3276
339 1691
339 2386
1691 1909
1691 2007
1691 2134
1691 2335
1691 2376
1691 2456
1691 3156
340 1397
1397 2046
1397 2187
341 1404
341 2340
341 2813
626 1404
1404 2340
473 2340
626 2340
1575 2340
1640 2340
1830 2340
1846 2340
2219 2340
2340 2526
2340 2813
626 2813
343 455
343 1038
343 2814
343 2815
455 2814
344 1676
348 1186
442 1186
1186 1586
1186 1737
1186 2526
1186 3522
1186 3523
1186 3524
1186 3525
1186 3526
349 1526
349 2824
349 2825
349 2826
1047 1526
1136 1526
1241 1526
1307 1526
1526 1779
1526 2511
1526 3012
1526 3712
1526 3713
1526 3714
1526 3715
351 2465
457 2465
950 2465
2321 2465
2465 2478
2465 3847
353 2270
1270 2270
354 1487
1487 3649
355 2342
355 2827
646 2342
2342 3355
603 2827
356 888
356 2828
888 2828
2116 2828
2423 2828
361 2023
361 2373
361 2377
361 2829
361 2830
2023 2377
2373 2377
830 2377
966 2377
1738 2377
2176 2377
2377 3910
2377 3953
363 2831
364 1313
365 1650
365 1949
365 2221
365 2482
586 1650
1554 1650
1650 3521
1949 2221
2221 2464
2221 2482
366 1109
399 1109
633 1109
704 1109
874 1109
905 1109
1016 1109
1109 2263
1109 2264
1109 2344
1109 3222
1109 3432
1109 3458
1109 3459
1109 3460
1109 3461
1109 3462
1109 3463
1109 3464
367 1277
367 1617
367 2306
367 2450
367 2832
367 2833
367 2834
367 2835
367 2836
1277 1617
1277 2835
1617 2835
2306 2523
2450 3552
787 1663
1192 1663
1663 1665
1663 3746
2300 2842
2337 2844
371 1241
435 1241
1241 1852
373 583
373 2845
384 583
583 1333
583 2294
583 3042
374 793
374 2846
793 997
793 1323
793 1784
793 2846
793 3227
793 3228
376 2847
377 1344
377 2230
377 2249
377 2447
377 2848
377 2849
1344 2249
2230 2249
2230 2447
2249 2447
2447 2849
378 2850
378 2851
1718 2850
2200 2850
379 2852
2135 2852
1834 2265
1834 3557
1746 2095
381 1734
389 1734
426 1734
530 1734
1017 1734
1075 1734
1105 1734
1126 1734
1212 1734
1289 1734
1295 1734
1386 1734
1436 1734
1734 1936
1734 2003
1734 2859
1734 3762
1734 3763
1734 3764
1734 3765
1734 3766
1734 3767
1734 3768
1734 3769
1734 3770
819 1551
819 2903
1106 1379
1379 2338
1379 2484
1011 1991
1292 1991
1863 1991
1884 1991
1909 1991
1991 2464
390 2854
1729 2854
2192 2854
384 2294
384 2431
384 2855
1085 2294
1690 2294
1884 2294
2094 2294
2294 2467
501 2431
808 2431
1331 2431
2175 2431
2181 2431
1654 2855
837 3293
837 3294
1214 1593
1593 2484
1593 2857
1106 1813
1652 1813
1813 1983
1813 2484
1813 2486
465 1909
758 1909
840 1909
1292 1909
1909 2134
1909 2376
1909 2456
719 2484
1106 2484
1362 2484
2484 2489
1362 2856
515 2857
1284 2857
1492 2857
1527 2857
1884 2857
2183 2857
2519 2857
2521 2857
388 2858
389 1017
389 2859
1017 1284
1017 1475
1017 2859
1126 2859
1363 2859
390 431
390 1895
390 1896
390 2860
431 1727
431 2901
606 1895
1895 2172
1619 1896
1896 2061
392 1205
392 2861
414 1205
1205 3529
1205 3530
1205 3531
1205 3532
452 965
596 965
965 1679
965 1751
965 2501
452 2529
857 2529
1967 2529
2020 2529
394 1136
794 1136
982 1136
1136 2506
1136 3474
1136 3475
1136 3476
1136 3477
1136 3478
395 2862
2345 2862
398 2863
398 2864
399 704
399 2263
704 2263
704 2264
1843 2263
2263 3222
400 1002
698 1002
712 1002
1002 3184
1002 3403
484 2866
869 2876
1739 2880
1739 2883
2365 2883
402 699
402 732
402 2893
699 732
699 1287
699 1582
699 2893
699 3170
699 3185
699 3186
732 2893
404 1212
404 2359
2359 3036
405 2895
2406 2895
406 1935
1472 1935
1935 3114
410 1270
410 2060
1270 1743
1270 2060
1270 2356
1743 2060
411 1288
1288 1417
1288 2232
1288 3577
412 1565
484 1565
1565 1613
414 457
414 822
414 1402
414 2071
414 2896
457 822
457 1366
457 1784
822 1784
822 2224
822 3154
822 3272
822 3273
1402 3531
2071 3882
416 2897
420 1226
420 2898
445 2898
422 1148
422 1272
422 2005
422 2242
1148 2005
1148 2242
1148 2365
1025 1272
1246 2005
2005 2242
2005 3594
2242 2365
2242 3594
424 1694
1694 3173
427 552
427 2175
427 2899
552 2334
696 2175
1634 2175
2175 2392
2175 2469
2175 2511
633 2899
429 501
429 1739
501 845
501 925
501 933
501 963
501 1451
501 1926
501 2970
501 2971
501 2972
501 2973
501 2974
501 2975
501 2976
501 2977
501 2978
501 2979
1739 2474
430 2900
571 2900
1046 2900
1582 2900
2052 2900
1727 2297
1189 2901
1106 1449
1106 1505
1106 1713
1106 2212
1106 2489
1505 2212
1737 2212
2089 2212
2212 2360
2212 2415
1243 2405
1792 2405
2405 3485
433 2902
1784 2902
434 1766
434 2903
603 1766
885 1766
1350 1766
1438 1766
1708 1766
1766 3054
540 2903
436 1011
977 1011
1011 1103
1011 2464
438 2904
438 2905
438 2906
438 2907
438 2908
438 2909
438 2910
438 2911
438 2912
438 2913
2083 2911
440 791
443 1310
443 2427
443 2922
614 1310
734 1310
1310 2427
1310 2449
1310 2922
497 2427
1902 2427
2427 2922
497 2922
614 2922
445 1055
445 2923
445 2924
446 1150
1150 2196
1150 2423
1150 3479
1150 3480
1150 3481
447 1602
448 2336
448 2526
448 2925
448 2926
448 2927
489 2336
496 2336
581 2336
967 2336
1108 2336
1594 2336
2162 2336
2250 2336
2280 2336
2336 2526
2336 2954
1367 2526
2055 2526
2321 2526
496 2925
449 708
450 1975
450 2370
548 1975
1975 2370
809 2370
843 2370
876 2370
1084 2370
1102 2370
1187 2370
1196 2370
1260 2370
1795 2370
2370 3948
452 506
452 857
452 1779
452 1967
452 2020
506 1544
506 2423
506 2984
506 2985
506 2986
506 2987
857 1703
857 1927
857 1967
857 2158
857 2225
857 2256
857 3303
1779 3012
1779 3805
1779 3806
453 1981
1981 3224
454 1427
518 1427
869 1427
1427 3193
1323 1366
1366 1784
1366 3632
1784 3058
1784 3273
458 2928
458 2929
568 2929
2254 2929
2518 2929
461 1352
1056 1352
1352 3606
1352 3607
1352 3608
462 2077
462 2930
724 2077
1815 2077
2018 2077
2077 2930
2077 3160
2077 3884
465 843
465 2281
465 2335
843 3087
1085 2335
1416 2335
1922 2335
1945 2335
2134 2335
2335 3268
467 2310
2310 2372
469 1420
1420 1731
1420 2425
470 2931
488 2931
1191 2931
1643 2931
1958 2931
471 979
471 2462
471 2932
594 979
979 2932
1098 2462
1567 2462
2462 3778
473 707
473 1846
707 1846
474 943
474 1745
474 2134
474 2496
943 1745
943 1788
943 1884
943 2134
943 2496
548 1745
1085 1745
1228 1745
1745 2046
1745 2134
1085 2134
2134 2491
2134 2994
752 2496
1354 2496
1492 2496
2360 2496
2397 2496
2496 3968
477 844
478 1746
478 2933
478 2934
554 1746
650 1746
780 1746
932 1746
1117 1746
1306 1746
1507 1746
1746 2350
1746 3016
1746 3580
1746 3780
1746 3781
1325 2934
481 1004
481 1225
481 1292
481 1400
481 1775
481 1838
481 2021
481 2318
481 2935
481 2936
1004 2936
1092 1225
1225 1228
1225 2069
1400 1838
1400 2318
1400 3644
1838 2318
1838 2936
1173 2021
2021 2318
2021 2446
2021 2935
2021 3876
1113 2318
1537 2318
482 2937
484 741
484 2938
741 2161
741 2432
485 959
591 959
666 959
959 1190
959 1302
959 3048
959 3161
959 3361
959 3362
959 3363
895 3326
895 3327
895 3328
895 3329
895 3330
492 1603
898 1603
1000 1603
1168 1603
1603 1903
1603 3301
1603 3486
1603 3733
1603 3734
1603 3735
1100 2940
1484 2940
1296 2941
585 770
770 2949
1282 2097
1324 2951
1675 2951
1850 2949
1994 2951
489 967
489 1594
967 1594
967 2954
1594 2954
490 2375
1231 2375
1668 2375
2017 2375
2151 2375
2234 2375
2331 2375
2375 3952
491 963
504 963
723 963
958 963
963 1365
963 1447
963 1624
963 1707
963 3365
492 898
495 1525
499 1525
923 1525
984 1525
1525 3711
496 2954
497 713
497 1902
498 2955
818 2955
499 923
499 2956
923 3357
1318 1590
845 2974
925 2973
933 2973
1451 1606
1451 2975
1451 2977
1451 3669
1926 3039
1056 2971
2153 2975
1449 2978
502 988
502 1254
502 1455
502 2084
502 2126
502 2267
502 2332
502 2980
988 2332
988 2980
1254 1455
1254 2084
1254 2126
1254 2332
1254 2980
1019 1455
1455 2084
1455 2262
1455 2267
1455 2332
1455 2980
1019 2084
2084 2126
2084 2267
2084 2332
2084 2980
2126 2332
2126 2980
2262 2267
2267 2332
2267 2980
1553 2332
2332 2980
503 1708
503 2981
603 1708
1183 1708
1350 1708
1381 1708
1708 1782
1708 2163
1708 2981
1708 3054
1708 3055
1708 3759
1782 2981
504 1089
504 1983
504 2982
504 2983
1089 1138
1089 1623
1089 2519
1089 3121
1983 2491
505 964
761 964
964 3366
964 3367
964 3368
964 3369
1544 2987
887 2423
1458 2423
2423 3325
507 758
507 1524
507 2988
719 758
758 1319
758 1524
1524 2988
510 1189
617 1189
763 1189
1189 1261
1189 1263
1189 3069
1189 3527
1189 3528
517 1031
517 2394
517 2402
517 2989
517 2990
1031 2402
2394 2990
622 2402
656 2402
675 2402
750 2402
756 2402
913 2402
1269 2402
1340 2402
1414 2402
1468 2402
1614 2402
1789 2402
1879 2402
1912 2402
1997 2402
2002 2402
2030 2402
2049 2402
2086 2402
2136 2402
2194 2402
2201 2402
2296 2402
2361 2402
2402 3566
2402 3645
2402 3836
2402 3958
2402 3959
520 2991
521 1234
521 2992
702 2992
1222 2992
1362 2992
2456 2992
524 2993
525 2006
525 2334
802 2006
975 2006
1557 2006
1755 2006
1962 2006
2006 2083
2006 3015
2006 3167
2006 3253
2006 3871
2006 3872
1074 2334
1528 2334
739 1284
739 2525
1214 1284
1214 1492
1214 2464
1284 1492
1284 1884
1284 2446
1284 3337
994 1788
1624 1788
1884 2046
1884 2490
1816 2200
1215 2360
2046 2360
2089 2360
2187 2360
2360 2489
994 2446
2446 3963
1592 2994
2467 2994
532 2995
532 2996
2034 2995
2321 2995
2448 2995
2458 2995
914 3002
536 683
683 3172
683 3173
683 3174
683 3175
683 3176
683 3177
538 1083
538 2463
1083 2463
589 2463
1140 2463
2144 2463
2371 2463
2414 2463
2463 3046
541 3012
1059 3012
1422 3012
2064 3012
2275 3012
542 723
542 3013
681 723
723 803
723 1167
723 1227
723 2181
723 2455
723 3013
723 3171
723 3203
723 3204
723 3205
723 3206
723 3207
1167 3013
544 3014
545 1491
548 1085
952 1085
1085 1416
1085 2491
1085 3098
1085 3268
1085 3282
1085 3283
1085 3451
551 1863
1362 1863
1492 1863
1718 1863
1863 1950
1863 2012
1863 2352
554 3015
554 3016
1117 3016
555 1071
555 3017
2091 3017
2352 3017
2497 3017
556 1804
1131 1804
1330 1804
561 853
853 904
853 3298
853 3299
931 1191
1191 1661
1191 1958
565 772
566 1606
566 2228
1208 1460
1208 3533
1654 3694
568 2254
568 2518
568 3021
2254 3021
569 1092
912 1092
1092 1551
1092 1648
1092 3355
579 3036
1093 3025
1179 1811
2472 3432
1401 3035
573 748
573 2349
573 2430
573 3039
748 3213
2349 3208
2349 3870
2430 3132
773 3039
575 756
576 1741
576 1858
1741 3771
577 587
577 2052
577 3040
580 3041
1122 1333
1333 1560
1333 2192
1333 2385
1333 2489
1333 2490
1333 3156
1333 3593
2088 3042
1217 1597
1303 1597
1582 1597
1597 3731
1597 3732
586 3043
589 1815
589 2371
589 3045
589 3046
1657 1815
1815 2144
1815 2371
1815 2414
2144 2371
2371 2414
1638 3046
590 1365
590 3047
753 1365
1365 1653
1365 1833
1365 3047
1365 3629
1365 3630
1365 3631
1624 3047
1653 3047
591 1190
591 3048
1302 3048
1645 3048
592 1707
1707 3750
593 1831
1582 1831
1831 2243
1831 2321
596 1751
596 2098
596 2188
596 2501
1751 2501
1679 2501
597 3049
597 3050
597 3051
599 1583
599 1639
599 3052
1583 1639
1583 3052
1639 2323
1639 3052
2323 3052
600 946
946 999
946 3347
603 740
603 766
603 885
603 1350
603 1381
603 2163
603 2429
603 3053
603 3054
603 3055
603 3056
740 3055
766 3218
766 3219
1350 2429
1350 3054
1350 3604
1350 3605
1381 3054
1381 3055
2163 3054
2429 3054
2429 3964
2081 3053
2379 3053
1670 3057
607 1232
607 1291
607 1674
1232 1674
608 3058
1080 3058
1963 3058
1411 1994
872 1994
1994 3730
866 3064
2483 3064
612 2379
612 2483
616 3066
616 3067
617 3068
617 3069
2213 3068
619 1022
619 1959
619 3070
896 1022
1022 1806
1022 1859
1022 1959
1022 3070
1022 3167
1022 3417
1022 3418
1022 3419
1022 3420
1360 1959
1859 1959
1959 3070
762 3074
632 1388
632 2433
657 2269
768 3220
768 3221
840 2376
840 3132
878 3140
1015 1308
1015 1319
1151 2464
1193 3126
1238 1781
1242 3111
1308 1319
1308 2464
1308 3110
1319 2288
1319 3131
1652 2311
1652 3129
1652 3521
1671 3751
1710 1781
1770 3116
1228 1778
1781 1849
1781 1941
1781 3125
1781 3700
1849 2288
1849 3114
2288 2410
2337 2464
854 2464
1610 2464
1950 2464
2187 2464
2467 2489
2467 3264
854 2486
2486 3131
702 2489
1222 2489
2489 2519
2491 2505
1475 2505
2241 2505
1243 3103
2181 3130
1228 3132
2187 3132
622 1997
622 2049
622 3137
750 1997
1997 2296
1513 3281
624 3141
1265 3141
765 3217
777 1801
777 2004
777 3144
1550 1801
1711 2004
1801 3144
1948 3145
2004 3144
1743 2356
626 1640
626 2219
1388 2433
634 3146
635 3147
638 3148
1646 3148
639 3149
1062 3149
643 2027
643 3150
2027 3150
2027 3877
644 3151
644 3152
1564 3152
1871 3152
859 1312
1312 2237
1483 2258
1483 3153
736 3153
2258 3153
648 1619
1228 1619
651 2019
651 3154
2019 3154
1615 3154
654 3155
754 3155
1429 3155
1478 3155
655 1111
655 1792
1111 1243
1111 2013
1111 2128
1215 1792
656 2194
2269 3895
659 3156
2192 3156
2449 3156
2490 3156
2183 3157
904 1462
904 2104
904 3332
2437 3797
871 2161
1552 2161
2078 2161
2161 3905
2161 3906
666 3161
669 1837
669 2403
1837 2115
1837 2403
2115 2403
670 1712
670 1822
670 2248
670 3162
1712 1822
1712 2248
1712 3162
1712 3623
1713 1822
1822 2248
1822 3162
2248 2398
2248 3162
2248 3623
1713 3162
2398 3162
1600 2089
1049 2276
1811 2276
2276 3164
1811 3164
1325 3167
2321 3167
674 1337
674 1522
674 1853
674 3168
674 3169
1337 1522
1522 1853
1522 2143
1522 3169
1853 3168
2143 3169
675 750
675 788
675 3170
750 1468
750 1879
788 1519
788 1542
1287 3170
676 2532
1113 2532
2532 3294
677 1744
1744 3398
681 3171
803 3171
2181 3171
795 3176
1871 3176
795 3177
1564 3177
1871 3177
687 3178
690 2474
701 2474
850 2474
1166 2474
1332 2474
1705 2474
1878 2474
1974 2474
2037 2474
2070 2474
2353 2474
2474 2481
691 3179
692 1328
692 2268
692 3180
937 1328
1328 2268
1328 3180
937 2268
2268 3180
937 3180
696 1634
696 2511
1634 2193
1634 2392
1634 2469
1634 2511
775 2511
1533 2511
1887 2511
2193 2511
2315 2511
2392 2511
2424 2511
2469 2511
2511 3976
698 3184
1582 1749
1582 2321
702 1222
2264 3222
705 1859
705 2043
705 3187
710 2255
715 1159
1159 1160
1159 2415
716 1633
716 3193
721 1633
1294 1633
1446 1633
1470 1633
1633 1929
1633 2235
1633 2453
1633 3578
1633 3667
1339 3193
1540 1655
1655 3347
1669 3750
1796 3201
1953 2062
2062 3201
2062 3202
2168 3199
803 3204
803 3207
1167 2181
1391 2181
2181 3584
2181 3749
727 2213
901 2213
922 2213
951 2213
1027 2213
1370 2213
1389 2213
1882 2213
2008 2213
2120 2213
2213 3558
2213 3803
728 1823
728 3208
736 3209
737 1030
737 2273
737 3210
737 3211
737 3212
1030 1998
1030 2273
1030 3210
1072 2273
1601 2273
1998 2273
2273 3212
738 1914
855 1914
1914 2382
1914 3302
1914 3426
1914 3837
1914 3838
1624 2525
2344 2525
2525 3628
752 1143
752 1176
752 1798
752 1805
752 1911
752 3214
752 3215
752 3216
1143 3216
1176 3216
1798 1805
1805 3216
1911 3216
760 2140
760 2439
863 2140
2140 2439
771 1759
773 3222
1236 3222
774 3223
778 1131
778 3224
1131 1587
779 3225
785 2012
785 2209
1469 2012
2012 2313
2012 2352
2012 3300
786 1013
821 1013
1013 2479
1013 3411
1013 3412
1013 3413
1013 3414
1013 3415
1519 2117
1519 3707
1519 3708
1519 3709
1542 3322
789 1023
789 2079
1023 2079
868 1019
868 1467
997 3228
1323 3590
795 1564
795 1871
1564 1871
1564 2114
1564 3726
1564 3727
1564 3728
1564 3729
1836 1871
1871 3829
831 2116
938 3236
1481 3250
2422 3250
801 1296
802 3253
1585 1931
1931 3259
808 1906
808 3266
1462 3266
1113 2145
1294 2145
2145 2397
811 877
811 3267
1416 3268
919 3268
1504 3268
2397 3268
814 825
814 1113
825 2192
825 2385
1113 1833
1113 2108
1113 2438
816 927
816 3269
816 3270
820 3271
1748 2224
2224 3920
1385 3272
2044 3273
824 958
1122 2192
1589 2192
2192 2385
2192 2397
2385 2397
828 1816
829 2481
829 3277
2481 3945
1982 2116
2093 2116
1251 1412
1251 3290
1330 3592
1412 3288
1412 3290
1448 2096
2096 3668
835 1449
1034 1449
1449 2061
1129 1228
1228 1560
1228 1631
1228 1702
1228 2187
2040 2046
2046 2187
1867 2187
2040 2187
1905 3295
848 3296
849 915
849 2033
849 3297
915 3297
2033 3297
854 1009
854 1123
854 3300
1009 1428
1123 1361
1123 1783
1123 2398
855 3301
855 3302
1703 1927
1703 2158
1703 2225
1703 2256
1703 3303
1927 2158
1927 2256
1927 3303
2158 2256
2158 3303
2225 2256
2225 3303
2256 3303
858 1297
859 3304
863 2503
869 1889
869 3308
1889 2283
1889 3476
1447 3308
1976 3308
870 962
870 1355
870 2050
870 2243
870 3309
962 2050
962 2243
1355 2243
2050 2243
2050 3309
2243 3309
875 1940
875 3310
1229 1666
1339 3314
1339 3320
1588 3314
1677 3318
881 1068
881 1252
881 1437
881 3321
1068 1252
1068 1437
1068 3321
1252 1437
1252 3321
1252 3563
1437 3321
882 3322
1239 3322
1774 3322
887 3323
887 3324
887 3325
890 1561
890 1648
922 1561
1561 3356
912 1648
1470 1648
1648 3355
899 1005
899 3331
1005 2149
903 1541
1462 1616
1462 2104
1462 3672
1462 3673
1462 3674
1500 2104
2104 3886
2125 3348
2413 3627
912 1470
912 3354
912 3355
1470 2453
1470 3667
2051 3355
2289 3355
922 1410
922 3356
1116 3357
926 2147
2026 2147
930 3359
1267 3359
932 1507
1306 1507
934 1861
1790 1861
1861 3710
1861 3786
1861 3789
939 1345
948 1281
950 2478
1275 2478
2478 3846
2478 3847
1351 3362
2473 3969
1095 1447
1358 1624
1624 1783
1624 3628
1624 3738
1624 3739
983 3365
1622 3365
1960 3365
1999 3365
1560 2397
970 1731
970 2388
970 2425
970 3370
970 3371
1731 2425
2388 3716
1409 1807
1807 3669
1995 3398
2434 3397
991 3381
973 2341
2341 3751
974 3400
976 3401
978 1726
986 2127
986 2177
986 2301
986 2380
1809 2127
2127 2380
2177 2301
2177 2380
1809 2380
1631 1786
1631 2344
1001 3402
1993 3408
2282 2435
2282 3408
2282 3410
2435 3410
1008 1338
1008 2512
1338 2399
1338 2512
2399 2512
2479 3414
1014 1844
1473 1844
1844 2351
1844 3826
1475 2241
1018 1279
1018 2240
1018 3416
1021 1458
1458 2056
1458 3670
1458 3671
1806 3419
1601 1998
1034 1818
1686 3756
1827 2408
2015 2408
2408 2438
2408 3960
1045 2073
1177 2073
1374 2073
2073 3883
2468 3427
1054 3432
1852 3432
1056 1533
1122 1533
1533 1950
1533 3499
1749 2321
1129 2259
2259 3439
1207 3444
1321 3584
1472 3443
1856 3449
2100 3449
1084 1196
1086 3452
1198 3452
2072 3452
2295 3452
2400 3452
1087 2210
2210 2352
1623 3631
1623 3664
1718 2519
2490 2519
1097 1869
1097 1910
1097 1977
1097 2045
1097 3453
1097 3454
1097 3455
1097 3456
1097 3457
1869 3456
1910 3455
1977 3455
1924 2045
2045 3815
2045 3879
2296 3456
1098 1567
1105 1666
1666 2108
1280 1713
1215 1243
1243 3485
1833 3630
2438 3960
2533 3520
1124 3470
1126 3471
1133 3473
2506 3478
2196 3557
1157 3483
1164 3485
1168 1903
1168 3486
1903 3735
1219 3508
1219 3552
1605 3495
1780 3495
1880 3502
1950 3503
1966 3497
2101 3503
1811 2352
1641 3521
2148 3521
2477 3521
1261 1918
1263 3528
1661 1958
1203 1840
1203 2034
1840 2034
1206 1527
1206 1947
1460 3533
1756 3543
1217 3551
1221 1760
1560 3593
1445 1908
1908 3833
1908 3834
1908 3835
1978 2009
2009 2498
2009 3873
1432 2169
1824 2169
2169 3908
2179 3554
2265 3557
1774 3615
2090 3559
1264 3565
1268 1773
1773 1883
1773 2197
1269 3566
2266 3573
2097 2283
1283 1556
1556 2331
1417 1717
2232 3577
1717 3577
1293 2165
2165 2515
2165 3907
1294 3578
1300 2186
1300 3580
1305 1335
1305 3581
1335 3581
1307 3582
2412 3582
2492 3582
1311 2051
1311 2065
2051 2289
2065 2262
1752 2237
1590 1611
1496 3587
1325 3591
2123 3597
1354 3609
1891 3621
1358 3628
1391 1690
1391 2497
2203 2497
1589 1974
1414 3645
1421 1530
1422 2064
1424 2044
1439 2352
1469 2352
1820 2352
2038 2352
2091 2352
2124 2352
2313 2352
1662 3662
2495 3662
1651 1706
1651 3666
1706 3666
1446 2235
1446 2453
1446 3667
2235 3667
1929 2453
2453 3667
1929 3667
1448 3668
1452 2157
2056 3671
1516 1616
2241 2534
1569 3688
1877 3685
1488 3693
1488 3694
1488 3695
2164 3703
1504 2198
2198 3751
1509 3706
2117 3709
2369 3844
2355 3710
1609 3712
2436 3714
1528 2527
1528 2530
2527 2530
2014 2080
2080 3717
1538 1794
1538 2229
1543 3718
1842 2106
1842 3825
1595 3719
1637 3723
2442 3725
1562 1870
1841 1870
2114 3728
1749 2287
1610 2172
1620 3736
1620 3737
2193 2469
1636 3742
1680 3752
1685 3755
2317 3755
1693 2401
1738 2176
2176 3910
1765 2316
1765 3772
1765 3775
2316 3772
2316 3775
2316 3779
2291 3779
2350 3781
2287 3937
1790 3786
2322 2384
2325 3795
1769 3797
2357 3797
1939 3803
1789 2136
1791 2355
2144 2414
1826 2111
1826 3815
2111 3815
2459 3815
2107 3831
2106 3825
1957 2214
1857 2205
1868 1944
1868 2152
1944 2152
1912 3836
2382 3838
2420 3861
2498 3873
2017 3874
2017 3875
2055 2291
2055 3881
2247 3893
2444 3899
2358 3945
2520 3977
