1 6
2 2
2 3
2 7
2 18
2 20
2 25
2 27
2 34
2 36
2 38
2 41
2 45
2 47
2 51
2 52
2 53
3 7
3 27
3 45
3 51
3 53
4 27
5 27
6 27
7 5
7 15
7 28
7 48
7 50
8 54
9 4
9 20
9 23
9 28
9 29
9 39
9 40
9 42
10 22
10 28
10 43
11 2
11 11
11 28
11 32
11 36
11 37
11 38
11 46
11 47
11 52
12 16
12 26
13 30
13 31
14 6
14 19
14 21
14 44
15 6
15 19
15 44
16 6
16 19
16 44
17 1
17 49
18 6
18 44
19 6
20 6
20 19
20 44
21 6
21 19
21 44
22 6
22 19
22 44
23 8
23 12
23 13
23 17
23 35
24 9
24 14
24 33
25 24
26 10
