1 865
1 868
237 865
865 2513
240 868
868 2513
2 869
2 872
2 1067
241 869
869 2514
869 2564
244 872
872 2514
437 1067
1067 2564
3 1076
3 1079
442 1076
1076 2567
443 1079
1079 2567
4 873
4 876
4 879
4 1062
245 873
873 2515
248 876
876 2515
876 2516
251 879
879 2516
879 2562
433 1062
1062 2562
5 888
5 891
5 1063
5 1066
5 1097
260 888
888 2519
888 2576
263 891
891 2519
891 2565
434 1063
1063 2563
1063 2565
436 1066
1066 2563
1066 2573
453 1097
1097 2573
1097 2576
6 1072
6 1075
6 1122
6 1132
439 1072
1072 2566
441 1075
1075 2566
1075 2582
466 1122
1122 2582
1122 2585
472 1132
1132 2585
7 884
7 887
7 1087
256 884
884 2518
884 2570
259 887
887 2518
887 2571
449 1087
1087 2570
1087 2571
8 880
8 883
8 1094
252 880
880 2517
880 2579
255 883
883 2517
883 2572
452 1094
1094 2572
1094 2579
9 896
9 899
9 1082
268 896
896 2521
271 899
899 2521
899 2568
445 1082
1082 2568
10 1083
10 1086
10 1107
10 1142
446 1083
1083 2569
1083 2577
448 1086
1086 2569
1086 2588
459 1107
1107 2577
478 1142
1142 2588
11 900
11 903
11 1100
11 1112
272 900
900 2522
275 903
903 2522
903 2574
455 1100
1100 2574
1100 2578
462 1112
1112 2578
12 904
12 907
12 1101
12 1104
276 904
904 2523
904 2591
279 907
907 2523
907 2580
456 1101
1101 2575
1101 2580
458 1104
1104 2575
1104 2591
13 892
13 895
13 1119
264 892
892 2520
892 2594
267 895
895 2520
895 2581
465 1119
1119 2581
1119 2594
14 908
14 911
14 1135
280 908
908 2524
283 911
911 2524
911 2586
474 1135
1135 2586
15 1136
15 1139
15 1168
475 1136
1136 2587
477 1139
1139 2587
1139 2597
492 1168
1168 2597
16 912
16 915
16 1145
284 912
912 2525
287 915
915 2525
915 2589
480 1145
1145 2589
17 916
17 919
17 1146
17 1149
288 916
916 2526
916 2600
291 919
919 2526
919 2592
481 1146
1146 2590
1146 2592
483 1149
1149 2590
1149 2600
18 920
18 923
18 1125
18 1156
292 920
920 2527
920 2603
295 923
923 2527
923 2583
468 1125
1125 2583
1125 2593
486 1156
1156 2593
1156 2603
19 1126
19 1129
19 1194
469 1126
1126 2584
471 1129
1129 2584
1129 2606
506 1194
1194 2606
20 924
20 927
20 1161
296 924
924 2528
299 927
927 2528
927 2595
488 1161
1161 2595
21 1162
21 1165
21 1204
489 1162
1162 2596
491 1165
1165 2596
1165 2609
512 1204
1204 2609
22 928
22 931
22 1171
300 928
928 2529
303 931
931 2529
931 2598
494 1171
1171 2598
23 932
23 935
23 1172
23 1175
304 932
932 2530
932 2612
307 935
935 2530
935 2601
495 1172
1172 2599
1172 2601
497 1175
1175 2599
1175 2612
24 936
24 939
24 1180
24 1183
308 936
936 2531
936 2615
311 939
939 2531
939 2604
499 1180
1180 2602
1180 2604
501 1183
1183 2602
1183 2615
25 1188
25 1191
25 1230
503 1188
1188 2605
505 1191
1191 2605
1191 2618
526 1230
1230 2618
26 940
26 943
26 1197
312 940
940 2532
315 943
943 2532
943 2607
508 1197
1197 2607
27 1198
27 1201
27 1240
509 1198
1198 2608
511 1201
1201 2608
1201 2621
532 1240
1240 2621
28 944
28 947
28 1207
316 944
944 2533
319 947
947 2533
947 2610
514 1207
1207 2610
29 948
29 951
29 1208
29 1211
320 948
948 2534
948 2624
323 951
951 2534
951 2613
515 1208
1208 2611
1208 2613
517 1211
1211 2611
1211 2624
30 952
30 955
30 1216
30 1219
324 952
952 2535
952 2627
327 955
955 2535
955 2616
519 1216
1216 2614
1216 2616
521 1219
1219 2614
1219 2627
31 1224
31 1227
31 1266
523 1224
1224 2617
525 1227
1227 2617
1227 2630
546 1266
1266 2630
32 956
32 959
32 1233
328 956
956 2536
331 959
959 2536
959 2619
528 1233
1233 2619
33 1234
33 1237
33 1276
529 1234
1234 2620
531 1237
1237 2620
1237 2633
552 1276
1276 2633
34 960
34 963
34 1243
332 960
960 2537
335 963
963 2537
963 2622
534 1243
1243 2622
35 964
35 967
35 1244
35 1247
336 964
964 2538
964 2636
339 967
967 2538
967 2625
535 1244
1244 2623
1244 2625
537 1247
1247 2623
1247 2636
36 968
36 971
36 1252
36 1255
340 968
968 2539
968 2639
343 971
971 2539
971 2628
539 1252
1252 2626
1252 2628
541 1255
1255 2626
1255 2639
37 1260
37 1263
37 1302
543 1260
1260 2629
545 1263
1263 2629
1263 2642
566 1302
1302 2642
38 972
38 975
38 1269
344 972
972 2540
347 975
975 2540
975 2631
548 1269
1269 2631
39 976
39 979
39 1270
39 1273
348 976
976 2541
976 2645
351 979
979 2541
549 1270
1270 2632
551 1273
1273 2632
1273 2645
40 980
40 983
40 1279
40 1318
352 980
980 2542
980 2648
355 983
983 2542
983 2634
554 1279
1279 2634
576 1318
1318 2648
41 984
41 987
41 1280
41 1283
356 984
984 2543
984 2651
359 987
987 2543
987 2637
555 1280
1280 2635
1280 2637
557 1283
1283 2635
1283 2651
42 988
42 991
42 1288
42 1291
360 988
988 2544
988 2654
363 991
991 2544
991 2640
559 1288
1288 2638
1288 2640
561 1291
1291 2638
1291 2654
43 1296
43 1299
43 1346
563 1296
1296 2641
565 1299
1299 2641
1299 2657
590 1346
1346 2657
44 992
44 995
44 1305
364 992
992 2545
367 995
995 2545
995 2643
568 1305
1305 2643
45 996
45 999
45 1306
45 1309
368 996
996 2546
996 2660
371 999
999 2546
999 2646
569 1306
1306 2644
1306 2646
571 1309
1309 2644
1309 2660
46 1000
46 1003
46 1314
46 1317
372 1000
1000 2547
1000 2663
375 1003
1003 2547
1003 2649
573 1314
1314 2647
1314 2649
575 1317
1317 2647
1317 2663
47 1004
47 1007
47 1323
47 1326
376 1004
1004 2548
1004 2666
379 1007
1007 2548
1007 2652
578 1323
1323 2650
1323 2652
580 1326
1326 2650
1326 2666
48 1331
48 1334
48 1337
582 1331
1331 2653
1331 2655
584 1334
1334 2653
1334 2669
585 1337
1337 2655
1337 2669
49 1008
49 1011
49 1349
380 1008
1008 2549
383 1011
1011 2549
1011 2658
592 1349
1349 2658
50 1012
50 1015
50 1350
50 1353
384 1012
1012 2550
1012 2672
387 1015
1015 2550
1015 2661
593 1350
1350 2659
1350 2661
595 1353
1353 2659
1353 2672
51 1016
51 1019
51 1358
51 1361
388 1016
1016 2551
1016 2675
391 1019
1019 2551
1019 2664
597 1358
1358 2662
1358 2664
599 1361
1361 2662
1361 2675
52 1020
52 1023
52 1366
52 1369
392 1020
1020 2552
1020 2678
395 1023
1023 2552
1023 2667
601 1366
1366 2665
1366 2667
603 1369
1369 2665
1369 2678
53 1340
53 1343
53 1376
53 1412
587 1340
1340 2656
589 1343
1343 2656
1343 2668
606 1376
1376 2668
1376 2681
624 1412
1412 2681
54 1024
54 1027
54 1381
396 1024
1024 2553
399 1027
1027 2553
1027 2670
608 1381
1381 2670
55 1028
55 1031
55 1382
55 1385
400 1028
1028 2554
1028 2684
403 1031
1031 2554
1031 2673
609 1382
1382 2671
1382 2673
611 1385
1385 2671
1385 2684
56 1032
56 1035
56 1390
56 1393
404 1032
1032 2555
1032 2687
407 1035
1035 2555
1035 2676
613 1390
1390 2674
1390 2676
615 1393
1393 2674
1393 2687
57 1036
57 1039
57 1398
57 1401
408 1036
1036 2556
1036 2690
411 1039
1039 2556
1039 2679
617 1398
1398 2677
1398 2679
619 1401
1401 2677
1401 2690
58 1406
58 1409
58 1447
621 1406
1406 2680
623 1409
1409 2680
1409 2693
643 1447
1447 2693
59 1040
59 1043
59 1417
412 1040
1040 2557
1040 2683
415 1043
1043 2557
1043 2685
628 1417
1417 2683
1417 2685
60 1424
60 1427
60 1430
631 1424
1424 2686
1424 2688
633 1427
1427 2686
1427 2696
634 1430
1430 2688
1430 2696
61 1044
61 1047
61 1413
61 1416
416 1044
1044 2558
419 1047
1047 2558
1047 2694
625 1413
1413 2682
1413 2694
627 1416
1416 2682
62 1048
62 1051
62 1433
62 1436
62 1452
420 1048
1048 2559
1048 2699
423 1051
1051 2559
1051 2691
636 1433
1433 2689
1433 2691
638 1436
1436 2689
1436 2695
646 1452
1452 2695
1452 2699
63 1441
63 1444
63 1472
640 1441
1441 2692
642 1444
1444 2692
1444 2702
656 1472
1472 2702
64 1052
64 1055
64 1457
424 1052
1052 2560
427 1055
1055 2560
1055 2697
648 1457
1457 2697
65 1056
65 1059
65 1458
65 1461
428 1056
1056 2561
1056 2705
431 1059
1059 2561
1059 2700
649 1458
1458 2698
1458 2700
651 1461
1461 2698
1461 2705
66 1466
66 1469
66 1492
653 1466
1466 2701
655 1469
1469 2701
1469 2708
668 1492
1492 2708
67 1473
67 1476
657 1473
1473 2703
659 1476
1476 2703
68 1477
68 1480
68 1483
660 1477
1477 2704
1477 2706
662 1480
1480 2704
663 1483
1483 2706
69 1486
69 1489
665 1486
1486 2707
667 1489
1489 2707
70 1493
70 1495
70 1888
238 1493
1493 2709
1493 2858
237 1495
1495 2709
433 1888
1888 2858
71 1522
71 1523
71 1884
71 1894
251 1522
1522 2720
1522 2856
250 1523
1523 2720
1523 2889
432 1884
1884 2856
1884 2861
436 1894
1894 2861
1894 2889
72 1501
72 1503
72 1889
72 1891
242 1501
1501 2712
1501 2867
241 1503
1503 2712
1503 2864
435 1889
1889 2859
1889 2864
434 1891
1891 2859
1891 2867
73 1499
73 1500
73 1896
240 1499
1499 2711
239 1500
1500 2711
1500 2862
437 1896
1896 2862
74 1546
74 1547
74 1898
74 1907
263 1546
1546 2729
1546 2865
262 1547
1547 2729
1547 2916
438 1898
1898 2865
1898 2870
441 1907
1907 2870
1907 2916
75 1902
75 1904
75 1911
440 1902
1902 2868
1902 2873
439 1904
1904 2868
443 1911
1911 2873
76 1507
76 1508
76 1909
244 1507
1507 2714
243 1508
1508 2714
1508 2871
442 1909
1909 2871
77 1509
77 1511
77 1916
246 1509
1509 2715
1509 2876
245 1511
1511 2715
445 1916
1916 2876
78 1562
78 1563
78 1912
78 1922
271 1562
1562 2735
1562 2874
270 1563
1563 2735
1563 2934
444 1912
1912 2874
1912 2879
448 1922
1922 2879
1922 2934
79 1532
79 1534
79 1917
79 1919
257 1532
1532 2724
1532 2903
256 1534
1534 2724
1534 2882
447 1917
1917 2877
1917 2882
446 1919
1919 2877
1919 2903
80 1515
80 1516
80 1517
80 1924
248 1515
1515 2717
1515 2718
247 1516
1516 2717
1516 2880
249 1517
1517 2718
1517 2885
449 1924
1924 2880
1924 2885
81 1538
81 1539
81 1926
81 1934
259 1538
1538 2726
1538 2883
258 1539
1539 2726
1539 2907
450 1926
1926 2883
1926 2888
452 1934
1934 2888
1934 2907
82 1530
82 1531
82 1930
82 1937
255 1530
1530 2723
1530 2886
254 1531
1531 2723
1531 2898
451 1930
1930 2886
1930 2891
453 1937
1937 2891
1937 2898
83 1524
83 1526
83 1942
83 1956
253 1524
1524 2721
1524 2894
252 1526
1526 2721
1526 2909
455 1942
1942 2894
1942 2904
461 1956
1956 2904
1956 2909
84 1570
84 1571
84 1938
84 1948
275 1570
1570 2738
1570 2892
274 1571
1571 2738
1571 2943
454 1938
1938 2892
1938 2897
458 1948
1948 2897
1948 2943
85 1540
85 1542
85 1943
85 1945
261 1540
1540 2727
1540 2912
260 1542
1542 2727
1542 2900
457 1943
1943 2895
1943 2900
456 1945
1945 2895
1945 2912
86 1951
86 1953
86 1960
460 1951
1951 2901
1951 2906
459 1953
1953 2901
462 1960
1960 2906
87 1578
87 1579
87 1963
87 1971
279 1578
1578 2741
1578 2910
278 1579
1579 2741
1579 2952
463 1963
1963 2910
1963 2915
465 1971
1971 2915
1971 2952
88 1554
88 1555
88 1967
88 1974
267 1554
1554 2732
1554 2913
266 1555
1555 2732
1555 2925
464 1967
1967 2913
1967 2918
466 1974
1974 2918
1974 2925
89 1548
89 1550
89 1979
89 2020
265 1548
1548 2730
1548 2921
264 1550
1550 2730
1550 2954
468 1979
1979 2921
1979 2949
485 2020
2020 2949
2020 2954
90 1610
90 1611
90 1975
90 1985
295 1610
1610 2753
1610 2919
294 1611
1611 2753
1611 2988
467 1975
1975 2919
1975 2924
471 1985
1985 2924
1985 2988
91 1980
91 1982
91 1988
470 1980
1980 2922
1980 2927
469 1982
1982 2922
472 1988
1988 2927
92 1556
92 1558
92 1993
269 1556
1556 2733
1556 2930
268 1558
1558 2733
474 1993
1993 2930
93 1586
93 1587
93 1989
93 1999
283 1586
1586 2744
1586 2928
282 1587
1587 2744
1587 2961
473 1989
1989 2928
1989 2933
477 1999
1999 2933
1999 2961
94 1994
94 1996
94 2002
476 1994
1994 2931
1994 2936
475 1996
1996 2931
478 2002
2002 2936
95 1564
95 1566
95 2007
273 1564
1564 2736
1564 2939
272 1566
1566 2736
480 2007
2007 2939
96 1594
96 1595
96 2003
96 2013
287 1594
1594 2747
1594 2937
286 1595
1595 2747
1595 2970
479 2003
2003 2937
2003 2942
483 2013
2013 2942
2013 2970
97 1572
97 1574
97 2008
97 2010
277 1572
1572 2739
1572 2948
276 1574
1574 2739
1574 2945
482 2008
2008 2940
2008 2945
481 2010
2010 2940
2010 2948
98 1602
98 1603
98 2016
98 2024
291 1602
1602 2750
1602 2946
290 1603
1603 2750
1603 2979
484 2016
2016 2946
2016 2951
486 2024
2024 2951
2024 2979
99 1580
99 1582
99 2031
281 1580
1580 2742
1580 2957
280 1582
1582 2742
488 2031
2031 2957
100 1618
100 1619
100 2027
100 2037
299 1618
1618 2756
1618 2955
298 1619
1619 2756
1619 2997
487 2027
2027 2955
2027 2960
491 2037
2037 2960
2037 2997
101 2032
101 2034
101 2040
490 2032
2032 2958
2032 2963
489 2034
2034 2958
492 2040
2040 2963
102 1588
102 1590
102 2045
285 1588
1588 2745
1588 2966
284 1590
1590 2745
494 2045
2045 2966
103 1626
103 1627
103 2041
103 2051
303 1626
1626 2759
1626 2964
302 1627
1627 2759
1627 3006
493 2041
2041 2964
2041 2969
497 2051
2051 2969
2051 3006
104 1596
104 1598
104 2046
104 2048
289 1596
1596 2748
1596 2975
288 1598
1598 2748
1598 2972
496 2046
2046 2967
2046 2972
495 2048
2048 2967
2048 2975
105 1634
105 1635
105 2054
105 2063
307 1634
1634 2762
1634 2973
306 1635
1635 2762
1635 3015
498 2054
2054 2973
2054 2978
501 2063
2063 2978
2063 3015
106 1604
106 1606
106 2058
106 2060
293 1604
1604 2751
1604 2984
292 1606
1606 2751
1606 2981
500 2058
2058 2976
2058 2981
499 2060
2060 2976
2060 2984
107 1642
107 1643
107 2066
107 2075
311 1642
1642 2765
1642 2982
310 1643
1643 2765
1643 3024
502 2066
2066 2982
2066 2987
505 2075
2075 2987
2075 3024
108 2070
108 2072
108 2078
504 2070
2070 2985
2070 2990
503 2072
2072 2985
506 2078
2078 2990
109 1612
109 1614
109 2083
297 1612
1612 2754
1612 2993
296 1614
1614 2754
508 2083
2083 2993
110 1650
110 1651
110 2079
110 2089
315 1650
1650 2768
1650 2991
314 1651
1651 2768
1651 3033
507 2079
2079 2991
2079 2996
511 2089
2089 2996
2089 3033
111 2084
111 2086
111 2092
510 2084
2084 2994
2084 2999
509 2086
2086 2994
512 2092
2092 2999
112 1620
112 1622
112 2097
301 1620
1620 2757
1620 3002
300 1622
1622 2757
514 2097
2097 3002
113 1658
113 1659
113 2093
113 2103
319 1658
1658 2771
1658 3000
318 1659
1659 2771
1659 3042
513 2093
2093 3000
2093 3005
517 2103
2103 3005
2103 3042
114 1628
114 1630
114 2098
114 2100
305 1628
1628 2760
1628 3011
304 1630
1630 2760
1630 3008
516 2098
2098 3003
2098 3008
515 2100
2100 3003
2100 3011
115 1666
115 1667
115 2106
115 2115
323 1666
1666 2774
1666 3009
322 1667
1667 2774
1667 3051
518 2106
2106 3009
2106 3014
521 2115
2115 3014
2115 3051
116 1636
116 1638
116 2110
116 2112
309 1636
1636 2763
1636 3020
308 1638
1638 2763
1638 3017
520 2110
2110 3012
2110 3017
519 2112
2112 3012
2112 3020
117 1674
117 1675
117 2118
117 2127
327 1674
1674 2777
1674 3018
326 1675
1675 2777
1675 3060
522 2118
2118 3018
2118 3023
525 2127
2127 3023
2127 3060
118 2122
118 2124
118 2130
524 2122
2122 3021
2122 3026
523 2124
2124 3021
526 2130
2130 3026
119 1644
119 1646
119 2135
313 1644
1644 2766
1644 3029
312 1646
1646 2766
528 2135
2135 3029
120 1682
120 1683
120 2131
120 2141
331 1682
1682 2780
1682 3027
330 1683
1683 2780
1683 3069
527 2131
2131 3027
2131 3032
531 2141
2141 3032
2141 3069
121 2136
121 2138
121 2144
530 2136
2136 3030
2136 3035
529 2138
2138 3030
532 2144
2144 3035
122 1652
122 1654
122 2149
317 1652
1652 2769
1652 3038
316 1654
1654 2769
534 2149
2149 3038
123 1690
123 1691
123 2145
123 2155
335 1690
1690 2783
1690 3036
334 1691
1691 2783
1691 3078
533 2145
2145 3036
2145 3041
537 2155
2155 3041
2155 3078
124 1660
124 1662
124 2150
124 2152
321 1660
1660 2772
1660 3047
320 1662
1662 2772
1662 3044
536 2150
2150 3039
2150 3044
535 2152
2152 3039
2152 3047
125 1698
125 1699
125 2158
125 2167
339 1698
1698 2786
1698 3045
338 1699
1699 2786
1699 3087
538 2158
2158 3045
2158 3050
541 2167
2167 3050
2167 3087
126 1668
126 1670
126 2162
126 2164
325 1668
1668 2775
1668 3056
324 1670
1670 2775
1670 3053
540 2162
2162 3048
2162 3053
539 2164
2164 3048
2164 3056
127 1706
127 1707
127 2170
127 2179
343 1706
1706 2789
1706 3054
342 1707
1707 2789
1707 3096
542 2170
2170 3054
2170 3059
545 2179
2179 3059
2179 3096
128 2174
128 2176
128 2182
544 2174
2174 3057
2174 3062
543 2176
2176 3057
546 2182
2182 3062
129 1676
129 1678
129 2187
329 1676
1676 2778
1676 3065
328 1678
1678 2778
548 2187
2187 3065
130 1714
130 1715
130 2183
130 2193
347 1714
1714 2792
1714 3063
346 1715
1715 2792
1715 3105
547 2183
2183 3063
2183 3068
551 2193
2193 3068
2193 3105
131 2188
131 2190
131 2196
550 2188
2188 3066
2188 3071
549 2190
2190 3066
552 2196
2196 3071
132 1684
132 1686
132 2201
333 1684
1684 2781
1684 3074
332 1686
1686 2781
554 2201
2201 3074
133 1730
133 1731
133 2197
133 2207
355 1730
1730 2798
1730 3072
354 1731
1731 2798
1731 3123
553 2197
2197 3072
2197 3077
557 2207
2207 3077
2207 3123
134 1692
134 1694
134 2202
134 2204
337 1692
1692 2784
1692 3083
336 1694
1694 2784
1694 3080
556 2202
2202 3075
2202 3080
555 2204
2204 3075
2204 3083
135 1738
135 1739
135 2210
135 2219
359 1738
1738 2801
1738 3081
358 1739
1739 2801
1739 3132
558 2210
2210 3081
2210 3086
561 2219
2219 3086
2219 3132
136 1700
136 1702
136 2214
136 2216
341 1700
1700 2787
1700 3092
340 1702
1702 2787
1702 3089
560 2214
2214 3084
2214 3089
559 2216
2216 3084
2216 3092
137 1746
137 1747
137 2222
137 2231
363 1746
1746 2804
1746 3090
362 1747
1747 2804
1747 3141
562 2222
2222 3090
2222 3095
565 2231
2231 3095
2231 3141
138 2226
138 2228
138 2234
564 2226
2226 3093
2226 3098
563 2228
2228 3093
566 2234
2234 3098
139 1708
139 1710
139 2239
345 1708
1708 2790
1708 3101
344 1710
1710 2790
568 2239
2239 3101
140 1754
140 1755
140 2235
140 2245
367 1754
1754 2807
1754 3099
366 1755
1755 2807
1755 3150
567 2235
2235 3099
2235 3104
571 2245
2245 3104
2245 3150
141 1716
141 1718
141 2240
141 2242
349 1716
1716 2793
1716 3110
348 1718
1718 2793
1718 3107
570 2240
2240 3102
2240 3107
569 2242
2242 3102
2242 3110
142 1762
142 1763
142 2248
142 2257
371 1762
1762 2810
1762 3108
370 1763
1763 2810
1763 3159
572 2248
2248 3108
2248 3113
575 2257
2257 3113
2257 3159
143 1724
143 1726
143 2252
143 2254
353 1724
1724 2796
1724 3119
352 1726
1726 2796
1726 3116
574 2252
2252 3111
2252 3116
573 2254
2254 3111
2254 3119
144 1722
144 1723
144 2259
351 1722
1722 2795
350 1723
1723 2795
1723 3114
576 2259
2259 3114
145 1770
145 1771
145 2261
145 2270
375 1770
1770 2813
1770 3117
374 1771
1771 2813
1771 3168
577 2261
2261 3117
2261 3122
580 2270
2270 3122
2270 3168
146 1732
146 1734
146 2265
146 2267
357 1732
1732 2799
1732 3128
356 1734
1734 2799
1734 3125
579 2265
2265 3120
2265 3125
578 2267
2267 3120
2267 3128
147 1778
147 1779
147 2273
147 2282
379 1778
1778 2816
1778 3126
378 1779
1779 2816
1779 3177
581 2273
2273 3126
2273 3131
584 2282
2282 3131
2282 3177
148 1740
148 1742
148 2277
148 2279
361 1740
1740 2802
1740 3137
360 1742
1742 2802
1742 3134
583 2277
2277 3129
2277 3134
582 2279
2279 3129
2279 3137
149 2285
149 2287
149 2295
149 2340
586 2285
2285 3135
2285 3140
585 2287
2287 3135
2287 3179
589 2295
2295 3140
2295 3174
605 2340
2340 3174
2340 3179
150 2290
150 2292
150 2298
588 2290
2290 3138
2290 3143
587 2292
2292 3138
590 2298
2298 3143
151 1748
151 1750
151 2303
365 1748
1748 2805
1748 3146
364 1750
1750 2805
592 2303
2303 3146
152 1786
152 1787
152 2299
152 2309
383 1786
1786 2819
1786 3144
382 1787
1787 2819
1787 3186
591 2299
2299 3144
2299 3149
595 2309
2309 3149
2309 3186
153 1756
153 1758
153 2304
153 2306
369 1756
1756 2808
1756 3155
368 1758
1758 2808
1758 3152
594 2304
2304 3147
2304 3152
593 2306
2306 3147
2306 3155
154 1794
154 1795
154 2312
154 2321
387 1794
1794 2822
1794 3153
386 1795
1795 2822
1795 3195
596 2312
2312 3153
2312 3158
599 2321
2321 3158
2321 3195
155 1764
155 1766
155 2316
155 2318
373 1764
1764 2811
1764 3164
372 1766
1766 2811
1766 3161
598 2316
2316 3156
2316 3161
597 2318
2318 3156
2318 3164
156 1802
156 1803
156 2324
156 2333
391 1802
1802 2825
1802 3162
390 1803
1803 2825
1803 3204
600 2324
2324 3162
2324 3167
603 2333
2333 3167
2333 3204
157 1772
157 1774
157 2328
157 2330
377 1772
1772 2814
1772 3173
376 1774
1774 2814
1774 3170
602 2328
2328 3165
2328 3170
601 2330
2330 3165
2330 3173
158 1810
158 1811
158 2336
158 2344
395 1810
1810 2828
1810 3171
394 1811
1811 2828
1811 3213
604 2336
2336 3171
2336 3176
606 2344
2344 3176
2344 3213
159 1780
159 1782
159 2351
381 1780
1780 2817
1780 3182
380 1782
1782 2817
608 2351
2351 3182
160 1818
160 1819
160 2347
160 2357
399 1818
1818 2831
1818 3180
398 1819
1819 2831
1819 3222
607 2347
2347 3180
2347 3185
611 2357
2357 3185
2357 3222
161 1788
161 1790
161 2352
161 2354
385 1788
1788 2820
1788 3191
384 1790
1790 2820
1790 3188
610 2352
2352 3183
2352 3188
609 2354
2354 3183
2354 3191
162 1826
162 1827
162 2360
162 2369
403 1826
1826 2834
1826 3189
402 1827
1827 2834
1827 3231
612 2360
2360 3189
2360 3194
615 2369
2369 3194
2369 3231
163 1796
163 1798
163 2364
163 2366
389 1796
1796 2823
1796 3200
388 1798
1798 2823
1798 3197
614 2364
2364 3192
2364 3197
613 2366
2366 3192
2366 3200
164 1834
164 1835
164 2372
164 2381
407 1834
1834 2837
1834 3198
406 1835
1835 2837
1835 3240
616 2372
2372 3198
2372 3203
619 2381
2381 3203
2381 3240
165 1804
165 1806
165 2376
165 2378
393 1804
1804 2826
1804 3209
392 1806
1806 2826
1806 3206
618 2376
2376 3201
2376 3206
617 2378
2378 3201
2378 3209
166 1842
166 1843
166 2384
166 2393
411 1842
1842 2840
1842 3207
410 1843
1843 2840
1843 3249
620 2384
2384 3207
2384 3212
623 2393
2393 3212
2393 3249
167 2388
167 2390
167 2396
622 2388
2388 3210
2388 3215
621 2390
2390 3210
624 2396
2396 3215
168 1812
168 1814
168 2402
397 1812
1812 2829
1812 3218
396 1814
1814 2829
627 2402
2402 3218
169 1844
169 1846
169 2397
169 2399
413 1844
1844 2841
1844 3254
412 1846
1846 2841
1846 3221
626 2397
2397 3216
2397 3221
625 2399
2399 3216
2399 3254
170 1820
170 1822
170 2403
170 2405
401 1820
1820 2832
1820 3227
400 1822
1822 2832
1822 3224
629 2403
2403 3219
2403 3224
628 2405
2405 3219
2405 3227
171 1850
171 1851
171 2410
171 2419
415 1850
1850 2843
1850 3225
414 1851
1851 2843
1851 3258
630 2410
2410 3225
2410 3230
633 2419
2419 3230
2419 3258
172 1828
172 1830
172 2414
172 2416
405 1828
1828 2835
1828 3236
404 1830
1830 2835
1830 3233
632 2414
2414 3228
2414 3233
631 2416
2416 3228
2416 3236
173 2422
173 2424
173 2432
173 2452
635 2422
2422 3234
2422 3239
634 2424
2424 3234
2424 3260
638 2432
2432 3239
2432 3255
645 2452
2452 3255
2452 3260
174 1836
174 1838
174 2427
174 2429
409 1836
1836 2838
1836 3245
408 1838
1838 2838
1838 3242
637 2427
2427 3237
2427 3242
636 2429
2429 3237
2429 3245
175 1866
175 1867
175 2435
175 2444
423 1866
1866 2849
1866 3243
422 1867
1867 2849
1867 3276
639 2435
2435 3243
2435 3248
642 2444
2444 3248
2444 3276
176 2439
176 2441
176 2447
641 2439
2439 3246
2439 3251
640 2441
2441 3246
643 2447
2447 3251
177 1858
177 1859
177 2448
177 2456
419 1858
1858 2846
1858 3252
418 1859
1859 2846
1859 3267
644 2448
2448 3252
2448 3257
646 2456
2456 3257
2456 3267
178 1852
178 1854
178 2463
417 1852
1852 2844
1852 3263
416 1854
1854 2844
648 2463
2463 3263
179 1874
179 1875
179 2459
179 2469
427 1874
1874 2852
1874 3261
426 1875
1875 2852
1875 3285
647 2459
2459 3261
2459 3266
651 2469
2469 3266
2469 3285
180 1860
180 1862
180 2464
180 2466
421 1860
1860 2847
1860 3272
420 1862
1862 2847
1862 3269
650 2464
2464 3264
2464 3269
649 2466
2466 3264
2466 3272
181 1882
181 1883
181 2472
181 2481
431 1882
1882 2855
1882 3270
430 1883
1883 2855
1883 3294
652 2472
2472 3270
2472 3275
655 2481
2481 3275
2481 3294
182 2476
182 2478
182 2484
654 2476
2476 3273
2476 3278
653 2478
2478 3273
656 2484
2484 3278
183 1868
183 1870
183 2490
425 1868
1868 2850
1868 3281
424 1870
1870 2850
659 2490
2490 3281
184 2485
184 2487
184 2496
658 2485
2485 3279
2485 3284
657 2487
2487 3279
662 2496
2496 3284
185 1876
185 1878
185 2491
185 2493
429 1876
1876 2853
1876 3290
428 1878
1878 2853
1878 3287
661 2491
2491 3282
2491 3287
660 2493
2493 3282
2493 3290
186 2499
186 2501
186 2509
664 2499
2499 3288
2499 3293
663 2501
2501 3288
667 2509
2509 3293
187 2504
187 2506
187 2512
666 2504
2504 3291
2504 3296
665 2506
2506 3291
668 2512
2512 3296
188 1496
188 1498
188 1887
188 1893
239 1496
1496 2710
1496 2863
238 1498
1498 2710
1498 2857
432 1887
1887 2857
1887 2860
435 1893
1893 2860
1893 2863
189 1504
189 1506
189 1901
189 1906
243 1504
1504 2713
1504 2872
242 1506
1506 2713
1506 2866
438 1901
1901 2866
1901 2869
440 1906
1906 2869
1906 2872
190 1512
190 1514
190 1915
190 1921
247 1512
1512 2716
1512 2881
246 1514
1514 2716
1514 2875
444 1915
1915 2875
1915 2878
447 1921
1921 2878
1921 2881
191 1519
191 1521
191 1929
191 1933
250 1519
1519 2719
1519 2890
249 1521
1521 2719
1521 2884
450 1929
1929 2884
1929 2887
451 1933
1933 2887
1933 2890
192 1527
192 1529
192 1941
192 1947
254 1527
1527 2722
1527 2899
253 1529
1529 2722
1529 2893
454 1941
1941 2893
1941 2896
457 1947
1947 2896
1947 2899
193 1535
193 1537
193 1955
193 1959
258 1535
1535 2725
1535 2908
257 1537
1537 2725
1537 2902
460 1955
1955 2902
1955 2905
461 1959
1959 2905
1959 2908
194 1543
194 1545
194 1966
194 1970
262 1543
1543 2728
1543 2917
261 1545
1545 2728
1545 2911
463 1966
1966 2911
1966 2914
464 1970
1970 2914
1970 2917
195 1551
195 1553
195 1978
195 1984
266 1551
1551 2731
1551 2926
265 1553
1553 2731
1553 2920
467 1978
1978 2920
1978 2923
470 1984
1984 2923
1984 2926
196 1559
196 1561
196 1992
196 1998
270 1559
1559 2734
1559 2935
269 1561
1561 2734
1561 2929
473 1992
1992 2929
1992 2932
476 1998
1998 2932
1998 2935
197 1567
197 1569
197 2006
197 2012
274 1567
1567 2737
1567 2944
273 1569
1569 2737
1569 2938
479 2006
2006 2938
2006 2941
482 2012
2012 2941
2012 2944
198 1575
198 1577
198 2019
198 2023
278 1575
1575 2740
1575 2953
277 1577
1577 2740
1577 2947
484 2019
2019 2947
2019 2950
485 2023
2023 2950
2023 2953
199 1583
199 1585
199 2030
199 2036
282 1583
1583 2743
1583 2962
281 1585
1585 2743
1585 2956
487 2030
2030 2956
2030 2959
490 2036
2036 2959
2036 2962
200 1591
200 1593
200 2044
200 2050
286 1591
1591 2746
1591 2971
285 1593
1593 2746
1593 2965
493 2044
2044 2965
2044 2968
496 2050
2050 2968
2050 2971
201 1599
201 1601
201 2057
201 2062
290 1599
1599 2749
1599 2980
289 1601
1601 2749
1601 2974
498 2057
2057 2974
2057 2977
500 2062
2062 2977
2062 2980
202 1607
202 1609
202 2069
202 2074
294 1607
1607 2752
1607 2989
293 1609
1609 2752
1609 2983
502 2069
2069 2983
2069 2986
504 2074
2074 2986
2074 2989
203 1615
203 1617
203 2082
203 2088
298 1615
1615 2755
1615 2998
297 1617
1617 2755
1617 2992
507 2082
2082 2992
2082 2995
510 2088
2088 2995
2088 2998
204 1623
204 1625
204 2096
204 2102
302 1623
1623 2758
1623 3007
301 1625
1625 2758
1625 3001
513 2096
2096 3001
2096 3004
516 2102
2102 3004
2102 3007
205 1631
205 1633
205 2109
205 2114
306 1631
1631 2761
1631 3016
305 1633
1633 2761
1633 3010
518 2109
2109 3010
2109 3013
520 2114
2114 3013
2114 3016
206 1639
206 1641
206 2121
206 2126
310 1639
1639 2764
1639 3025
309 1641
1641 2764
1641 3019
522 2121
2121 3019
2121 3022
524 2126
2126 3022
2126 3025
207 1647
207 1649
207 2134
207 2140
314 1647
1647 2767
1647 3034
313 1649
1649 2767
1649 3028
527 2134
2134 3028
2134 3031
530 2140
2140 3031
2140 3034
208 1655
208 1657
208 2148
208 2154
318 1655
1655 2770
1655 3043
317 1657
1657 2770
1657 3037
533 2148
2148 3037
2148 3040
536 2154
2154 3040
2154 3043
209 1663
209 1665
209 2161
209 2166
322 1663
1663 2773
1663 3052
321 1665
1665 2773
1665 3046
538 2161
2161 3046
2161 3049
540 2166
2166 3049
2166 3052
210 1671
210 1673
210 2173
210 2178
326 1671
1671 2776
1671 3061
325 1673
1673 2776
1673 3055
542 2173
2173 3055
2173 3058
544 2178
2178 3058
2178 3061
211 1679
211 1681
211 2186
211 2192
330 1679
1679 2779
1679 3070
329 1681
1681 2779
1681 3064
547 2186
2186 3064
2186 3067
550 2192
2192 3067
2192 3070
212 1687
212 1689
212 2200
212 2206
334 1687
1687 2782
1687 3079
333 1689
1689 2782
1689 3073
553 2200
2200 3073
2200 3076
556 2206
2206 3076
2206 3079
213 1695
213 1697
213 2213
213 2218
338 1695
1695 2785
1695 3088
337 1697
1697 2785
1697 3082
558 2213
2213 3082
2213 3085
560 2218
2218 3085
2218 3088
214 1703
214 1705
214 2225
214 2230
342 1703
1703 2788
1703 3097
341 1705
1705 2788
1705 3091
562 2225
2225 3091
2225 3094
564 2230
2230 3094
2230 3097
215 1711
215 1713
215 2238
215 2244
346 1711
1711 2791
1711 3106
345 1713
1713 2791
1713 3100
567 2238
2238 3100
2238 3103
570 2244
2244 3103
2244 3106
216 1719
216 1721
216 2251
216 2256
350 1719
1719 2794
1719 3115
349 1721
1721 2794
1721 3109
572 2251
2251 3109
2251 3112
574 2256
2256 3112
2256 3115
217 1727
217 1729
217 2264
217 2269
354 1727
1727 2797
1727 3124
353 1729
1729 2797
1729 3118
577 2264
2264 3118
2264 3121
579 2269
2269 3121
2269 3124
218 1735
218 1737
218 2276
218 2281
358 1735
1735 2800
1735 3133
357 1737
1737 2800
1737 3127
581 2276
2276 3127
2276 3130
583 2281
2281 3130
2281 3133
219 1743
219 1745
219 2289
219 2294
362 1743
1743 2803
1743 3142
361 1745
1745 2803
1745 3136
586 2289
2289 3136
2289 3139
588 2294
2294 3139
2294 3142
220 1751
220 1753
220 2302
220 2308
366 1751
1751 2806
1751 3151
365 1753
1753 2806
1753 3145
591 2302
2302 3145
2302 3148
594 2308
2308 3148
2308 3151
221 1759
221 1761
221 2315
221 2320
370 1759
1759 2809
1759 3160
369 1761
1761 2809
1761 3154
596 2315
2315 3154
2315 3157
598 2320
2320 3157
2320 3160
222 1767
222 1769
222 2327
222 2332
374 1767
1767 2812
1767 3169
373 1769
1769 2812
1769 3163
600 2327
2327 3163
2327 3166
602 2332
2332 3166
2332 3169
223 1775
223 1777
223 2339
223 2343
378 1775
1775 2815
1775 3178
377 1777
1777 2815
1777 3172
604 2339
2339 3172
2339 3175
605 2343
2343 3175
2343 3178
224 1783
224 1785
224 2350
224 2356
382 1783
1783 2818
1783 3187
381 1785
1785 2818
1785 3181
607 2350
2350 3181
2350 3184
610 2356
2356 3184
2356 3187
225 1791
225 1793
225 2363
225 2368
386 1791
1791 2821
1791 3196
385 1793
1793 2821
1793 3190
612 2363
2363 3190
2363 3193
614 2368
2368 3193
2368 3196
226 1799
226 1801
226 2375
226 2380
390 1799
1799 2824
1799 3205
389 1801
1801 2824
1801 3199
616 2375
2375 3199
2375 3202
618 2380
2380 3202
2380 3205
227 1807
227 1809
227 2387
227 2392
394 1807
1807 2827
1807 3214
393 1809
1809 2827
1809 3208
620 2387
2387 3208
2387 3211
622 2392
2392 3211
2392 3214
228 1815
228 1817
228 2401
228 2407
398 1815
1815 2830
1815 3223
397 1817
1817 2830
1817 3217
626 2401
2401 3217
2401 3220
629 2407
2407 3220
2407 3223
229 1823
229 1825
229 2413
229 2418
402 1823
1823 2833
1823 3232
401 1825
1825 2833
1825 3226
630 2413
2413 3226
2413 3229
632 2418
2418 3229
2418 3232
230 1831
230 1833
230 2426
230 2431
406 1831
1831 2836
1831 3241
405 1833
1833 2836
1833 3235
635 2426
2426 3235
2426 3238
637 2431
2431 3238
2431 3241
231 1839
231 1841
231 2438
231 2443
410 1839
1839 2839
1839 3250
409 1841
1841 2839
1841 3244
639 2438
2438 3244
2438 3247
641 2443
2443 3247
2443 3250
232 1847
232 1849
232 2451
232 2455
414 1847
1847 2842
1847 3259
413 1849
1849 2842
1849 3253
644 2451
2451 3253
2451 3256
645 2455
2455 3256
2455 3259
233 1855
233 1857
233 2462
233 2468
418 1855
1855 2845
1855 3268
417 1857
1857 2845
1857 3262
647 2462
2462 3262
2462 3265
650 2468
2468 3265
2468 3268
234 1863
234 1865
234 2475
234 2480
422 1863
1863 2848
1863 3277
421 1865
1865 2848
1865 3271
652 2475
2475 3271
2475 3274
654 2480
2480 3274
2480 3277
235 1871
235 1873
235 2489
235 2495
426 1871
1871 2851
1871 3286
425 1873
1873 2851
1873 3280
658 2489
2489 3280
2489 3283
661 2495
2495 3283
2495 3286
236 1879
236 1881
236 2503
236 2508
430 1879
1879 2854
1879 3295
429 1881
1881 2854
1881 3289
664 2503
2503 3289
2503 3292
666 2508
2508 3292
2508 3295
237 866
669 866
866 2513
866 2709
238 1494
238 1886
669 1494
1494 2709
1494 2710
718 1886
1886 2857
1886 2858
239 1497
239 1895
669 1497
1497 2710
1497 2711
720 1895
1895 2862
1895 2863
240 867
669 867
867 2513
867 2711
241 870
241 1069
670 870
870 2514
870 2712
720 1069
1069 2564
1069 2864
242 1502
242 1900
670 1502
1502 2712
1502 2713
721 1900
1900 2866
1900 2867
243 1505
243 1908
670 1505
1505 2713
1505 2714
723 1908
1908 2871
1908 2872
244 871
670 871
871 2514
871 2714
245 874
671 874
874 2515
874 2715
246 1510
246 1914
671 1510
1510 2715
1510 2716
724 1914
1914 2875
1914 2876
247 1513
247 1923
671 1513
1513 2716
1513 2717
726 1923
1923 2880
1923 2881
248 875
248 877
671 875
875 2515
875 2717
672 877
877 2516
877 2718
249 1518
249 1928
672 1518
1518 2718
1518 2719
727 1928
1928 2884
1928 2885
250 1520
250 1935
672 1520
1520 2719
1520 2720
729 1935
1935 2889
1935 2890
251 878
251 1060
672 878
878 2516
878 2720
718 1060
1060 2562
1060 2856
252 881
252 1114
673 881
881 2517
881 2721
735 1114
1114 2579
1114 2909
253 1525
253 1940
673 1525
1525 2721
1525 2722
730 1940
1940 2893
1940 2894
254 1528
254 1949
673 1528
1528 2722
1528 2723
732 1949
1949 2898
1949 2899
255 882
255 1092
673 882
882 2517
882 2723
728 1092
1092 2572
1092 2886
256 885
256 1089
674 885
885 2518
885 2724
726 1089
1089 2570
1089 2882
257 1533
257 1954
674 1533
1533 2724
1533 2725
733 1954
1954 2902
1954 2903
258 1536
258 1961
674 1536
1536 2725
1536 2726
735 1961
1961 2907
1961 2908
259 886
259 1090
674 886
886 2518
886 2726
727 1090
1090 2571
1090 2883
260 889
260 1106
675 889
889 2519
889 2727
732 1106
1106 2576
1106 2900
261 1541
261 1965
675 1541
1541 2727
1541 2728
736 1965
1965 2911
1965 2912
262 1544
262 1972
675 1544
1544 2728
1544 2729
738 1972
1972 2916
1972 2917
263 890
263 1070
675 890
890 2519
890 2729
721 1070
1070 2565
1070 2865
264 893
264 1158
676 893
893 2520
893 2730
750 1158
1158 2594
1158 2954
265 1549
265 1977
676 1549
1549 2730
1549 2731
739 1977
1977 2920
1977 2921
266 1552
266 1986
676 1552
1552 2731
1552 2732
741 1986
1986 2925
1986 2926
267 894
267 1117
676 894
894 2520
894 2732
737 1117
1117 2581
1117 2913
268 897
677 897
897 2521
897 2733
269 1557
269 1991
677 1557
1557 2733
1557 2734
742 1991
1991 2929
1991 2930
270 1560
270 2000
677 1560
1560 2734
1560 2735
744 2000
2000 2934
2000 2935
271 898
271 1080
677 898
898 2521
898 2735
724 1080
1080 2568
1080 2874
272 901
678 901
901 2522
901 2736
273 1565
273 2005
678 1565
1565 2736
1565 2737
745 2005
2005 2938
2005 2939
274 1568
274 2014
678 1568
1568 2737
1568 2738
747 2014
2014 2943
2014 2944
275 902
275 1098
678 902
902 2522
902 2738
730 1098
1098 2574
1098 2892
276 905
276 1151
679 905
905 2523
905 2739
747 1151
1151 2591
1151 2945
277 1573
277 2018
679 1573
1573 2739
1573 2740
748 2018
2018 2947
2018 2948
278 1576
278 2025
679 1576
1576 2740
1576 2741
750 2025
2025 2952
2025 2953
279 906
279 1115
679 906
906 2523
906 2741
736 1115
1115 2580
1115 2910
280 909
680 909
909 2524
909 2742
281 1581
281 2029
680 1581
1581 2742
1581 2743
751 2029
2029 2956
2029 2957
282 1584
282 2038
680 1584
1584 2743
1584 2744
753 2038
2038 2961
2038 2962
283 910
283 1133
680 910
910 2524
910 2744
742 1133
1133 2586
1133 2928
284 913
681 913
913 2525
913 2745
285 1589
285 2043
681 1589
1589 2745
1589 2746
754 2043
2043 2965
2043 2966
286 1592
286 2052
681 1592
1592 2746
1592 2747
756 2052
2052 2970
2052 2971
287 914
287 1143
681 914
914 2525
914 2747
745 1143
1143 2589
1143 2937
288 917
288 1177
682 917
917 2526
917 2748
756 1177
1177 2600
1177 2972
289 1597
289 2056
682 1597
1597 2748
1597 2749
757 2056
2056 2974
2056 2975
290 1600
290 2064
682 1600
1600 2749
1600 2750
759 2064
2064 2979
2064 2980
291 918
291 1152
682 918
918 2526
918 2750
748 1152
1152 2592
1152 2946
292 921
292 1185
683 921
921 2527
921 2751
759 1185
1185 2603
1185 2981
293 1605
293 2068
683 1605
1605 2751
1605 2752
760 2068
2068 2983
2068 2984
294 1608
294 2076
683 1608
1608 2752
1608 2753
762 2076
2076 2988
2076 2989
295 922
295 1123
683 922
922 2527
922 2753
739 1123
1123 2583
1123 2919
296 925
684 925
925 2528
925 2754
297 1613
297 2081
684 1613
1613 2754
1613 2755
763 2081
2081 2992
2081 2993
298 1616
298 2090
684 1616
1616 2755
1616 2756
765 2090
2090 2997
2090 2998
299 926
299 1159
684 926
926 2528
926 2756
751 1159
1159 2595
1159 2955
300 929
685 929
929 2529
929 2757
301 1621
301 2095
685 1621
1621 2757
1621 2758
766 2095
2095 3001
2095 3002
302 1624
302 2104
685 1624
1624 2758
1624 2759
768 2104
2104 3006
2104 3007
303 930
303 1169
685 930
930 2529
930 2759
754 1169
1169 2598
1169 2964
304 933
304 1213
686 933
933 2530
933 2760
768 1213
1213 2612
1213 3008
305 1629
305 2108
686 1629
1629 2760
1629 2761
769 2108
2108 3010
2108 3011
306 1632
306 2116
686 1632
1632 2761
1632 2762
771 2116
2116 3015
2116 3016
307 934
307 1178
686 934
934 2530
934 2762
757 1178
1178 2601
1178 2973
308 937
308 1221
687 937
937 2531
937 2763
771 1221
1221 2615
1221 3017
309 1637
309 2120
687 1637
1637 2763
1637 2764
772 2120
2120 3019
2120 3020
310 1640
310 2128
687 1640
1640 2764
1640 2765
774 2128
2128 3024
2128 3025
311 938
311 1186
687 938
938 2531
938 2765
760 1186
1186 2604
1186 2982
312 941
688 941
941 2532
941 2766
313 1645
313 2133
688 1645
1645 2766
1645 2767
775 2133
2133 3028
2133 3029
314 1648
314 2142
688 1648
1648 2767
1648 2768
777 2142
2142 3033
2142 3034
315 942
315 1195
688 942
942 2532
942 2768
763 1195
1195 2607
1195 2991
316 945
689 945
945 2533
945 2769
317 1653
317 2147
689 1653
1653 2769
1653 2770
778 2147
2147 3037
2147 3038
318 1656
318 2156
689 1656
1656 2770
1656 2771
780 2156
2156 3042
2156 3043
319 946
319 1205
689 946
946 2533
946 2771
766 1205
1205 2610
1205 3000
320 949
320 1249
690 949
949 2534
949 2772
780 1249
1249 2624
1249 3044
321 1661
321 2160
690 1661
1661 2772
1661 2773
781 2160
2160 3046
2160 3047
322 1664
322 2168
690 1664
1664 2773
1664 2774
783 2168
2168 3051
2168 3052
323 950
323 1214
690 950
950 2534
950 2774
769 1214
1214 2613
1214 3009
324 953
324 1257
691 953
953 2535
953 2775
783 1257
1257 2627
1257 3053
325 1669
325 2172
691 1669
1669 2775
1669 2776
784 2172
2172 3055
2172 3056
326 1672
326 2180
691 1672
1672 2776
1672 2777
786 2180
2180 3060
2180 3061
327 954
327 1222
691 954
954 2535
954 2777
772 1222
1222 2616
1222 3018
328 957
692 957
957 2536
957 2778
329 1677
329 2185
692 1677
1677 2778
1677 2779
787 2185
2185 3064
2185 3065
330 1680
330 2194
692 1680
1680 2779
1680 2780
789 2194
2194 3069
2194 3070
331 958
331 1231
692 958
958 2536
958 2780
775 1231
1231 2619
1231 3027
332 961
693 961
961 2537
961 2781
333 1685
333 2199
693 1685
1685 2781
1685 2782
790 2199
2199 3073
2199 3074
334 1688
334 2208
693 1688
1688 2782
1688 2783
792 2208
2208 3078
2208 3079
335 962
335 1241
693 962
962 2537
962 2783
778 1241
1241 2622
1241 3036
336 965
336 1285
694 965
965 2538
965 2784
792 1285
1285 2636
1285 3080
337 1693
337 2212
694 1693
1693 2784
1693 2785
793 2212
2212 3082
2212 3083
338 1696
338 2220
694 1696
1696 2785
1696 2786
795 2220
2220 3087
2220 3088
339 966
339 1250
694 966
966 2538
966 2786
781 1250
1250 2625
1250 3045
340 969
340 1293
695 969
969 2539
969 2787
795 1293
1293 2639
1293 3089
341 1701
341 2224
695 1701
1701 2787
1701 2788
796 2224
2224 3091
2224 3092
342 1704
342 2232
695 1704
1704 2788
1704 2789
798 2232
2232 3096
2232 3097
343 970
343 1258
695 970
970 2539
970 2789
784 1258
1258 2628
1258 3054
344 973
696 973
973 2540
973 2790
345 1709
345 2237
696 1709
1709 2790
1709 2791
799 2237
2237 3100
2237 3101
346 1712
346 2246
696 1712
1712 2791
1712 2792
801 2246
2246 3105
2246 3106
347 974
347 1267
696 974
974 2540
974 2792
787 1267
1267 2631
1267 3063
348 977
348 1311
697 977
977 2541
977 2793
801 1311
1311 2645
1311 3107
349 1717
349 2250
697 1717
1717 2793
1717 2794
802 2250
2250 3109
2250 3110
350 1720
350 2258
697 1720
1720 2794
1720 2795
804 2258
2258 3114
2258 3115
351 978
697 978
978 2541
978 2795
352 981
352 1320
698 981
981 2542
981 2796
804 1320
1320 2648
1320 3116
353 1725
353 2263
698 1725
1725 2796
1725 2797
805 2263
2263 3118
2263 3119
354 1728
354 2271
698 1728
1728 2797
1728 2798
807 2271
2271 3123
2271 3124
355 982
355 1277
698 982
982 2542
982 2798
790 1277
1277 2634
1277 3072
356 985
356 1328
699 985
985 2543
985 2799
807 1328
1328 2651
1328 3125
357 1733
357 2275
699 1733
1733 2799
1733 2800
808 2275
2275 3127
2275 3128
358 1736
358 2283
699 1736
1736 2800
1736 2801
810 2283
2283 3132
2283 3133
359 986
359 1286
699 986
986 2543
986 2801
793 1286
1286 2637
1286 3081
360 989
360 1336
700 989
989 2544
989 2802
810 1336
1336 2654
1336 3134
361 1741
361 2288
700 1741
1741 2802
1741 2803
811 2288
2288 3136
2288 3137
362 1744
362 2296
700 1744
1744 2803
1744 2804
813 2296
2296 3141
2296 3142
363 990
363 1294
700 990
990 2544
990 2804
796 1294
1294 2640
1294 3090
364 993
701 993
993 2545
993 2805
365 1749
365 2301
701 1749
1749 2805
1749 2806
814 2301
2301 3145
2301 3146
366 1752
366 2310
701 1752
1752 2806
1752 2807
816 2310
2310 3150
2310 3151
367 994
367 1303
701 994
994 2545
994 2807
799 1303
1303 2643
1303 3099
368 997
368 1355
702 997
997 2546
997 2808
816 1355
1355 2660
1355 3152
369 1757
369 2314
702 1757
1757 2808
1757 2809
817 2314
2314 3154
2314 3155
370 1760
370 2322
702 1760
1760 2809
1760 2810
819 2322
2322 3159
2322 3160
371 998
371 1312
702 998
998 2546
998 2810
802 1312
1312 2646
1312 3108
372 1001
372 1363
703 1001
1001 2547
1001 2811
819 1363
1363 2663
1363 3161
373 1765
373 2326
703 1765
1765 2811
1765 2812
820 2326
2326 3163
2326 3164
374 1768
374 2334
703 1768
1768 2812
1768 2813
822 2334
2334 3168
2334 3169
375 1002
375 1321
703 1002
1002 2547
1002 2813
805 1321
1321 2649
1321 3117
376 1005
376 1371
704 1005
1005 2548
1005 2814
822 1371
1371 2666
1371 3170
377 1773
377 2338
704 1773
1773 2814
1773 2815
823 2338
2338 3172
2338 3173
378 1776
378 2345
704 1776
1776 2815
1776 2816
825 2345
2345 3177
2345 3178
379 1006
379 1329
704 1006
1006 2548
1006 2816
808 1329
1329 2652
1329 3126
380 1009
705 1009
1009 2549
1009 2817
381 1781
381 2349
705 1781
1781 2817
1781 2818
826 2349
2349 3181
2349 3182
382 1784
382 2358
705 1784
1784 2818
1784 2819
828 2358
2358 3186
2358 3187
383 1010
383 1347
705 1010
1010 2549
1010 2819
814 1347
1347 2658
1347 3144
384 1013
384 1387
706 1013
1013 2550
1013 2820
828 1387
1387 2672
1387 3188
385 1789
385 2362
706 1789
1789 2820
1789 2821
829 2362
2362 3190
2362 3191
386 1792
386 2370
706 1792
1792 2821
1792 2822
831 2370
2370 3195
2370 3196
387 1014
387 1356
706 1014
1014 2550
1014 2822
817 1356
1356 2661
1356 3153
388 1017
388 1395
707 1017
1017 2551
1017 2823
831 1395
1395 2675
1395 3197
389 1797
389 2374
707 1797
1797 2823
1797 2824
832 2374
2374 3199
2374 3200
390 1800
390 2382
707 1800
1800 2824
1800 2825
834 2382
2382 3204
2382 3205
391 1018
391 1364
707 1018
1018 2551
1018 2825
820 1364
1364 2664
1364 3162
392 1021
392 1403
708 1021
1021 2552
1021 2826
834 1403
1403 2678
1403 3206
393 1805
393 2386
708 1805
1805 2826
1805 2827
835 2386
2386 3208
2386 3209
394 1808
394 2394
708 1808
1808 2827
1808 2828
837 2394
2394 3213
2394 3214
395 1022
395 1372
708 1022
1022 2552
1022 2828
823 1372
1372 2667
1372 3171
396 1025
709 1025
1025 2553
1025 2829
397 1813
397 2400
709 1813
1813 2829
1813 2830
838 2400
2400 3217
2400 3218
398 1816
398 2408
709 1816
1816 2830
1816 2831
840 2408
2408 3222
2408 3223
399 1026
399 1379
709 1026
1026 2553
1026 2831
826 1379
1379 2670
1379 3180
400 1029
400 1421
710 1029
1029 2554
1029 2832
840 1421
1421 2684
1421 3224
401 1821
401 2412
710 1821
1821 2832
1821 2833
841 2412
2412 3226
2412 3227
402 1824
402 2420
710 1824
1824 2833
1824 2834
843 2420
2420 3231
2420 3232
403 1030
403 1388
710 1030
1030 2554
1030 2834
829 1388
1388 2673
1388 3189
404 1033
404 1429
711 1033
1033 2555
1033 2835
843 1429
1429 2687
1429 3233
405 1829
405 2425
711 1829
1829 2835
1829 2836
844 2425
2425 3235
2425 3236
406 1832
406 2433
711 1832
1832 2836
1832 2837
846 2433
2433 3240
2433 3241
407 1034
407 1396
711 1034
1034 2555
1034 2837
832 1396
1396 2676
1396 3198
408 1037
408 1438
712 1037
1037 2556
1037 2838
846 1438
1438 2690
1438 3242
409 1837
409 2437
712 1837
1837 2838
1837 2839
847 2437
2437 3244
2437 3245
410 1840
410 2445
712 1840
1840 2839
1840 2840
849 2445
2445 3249
2445 3250
411 1038
411 1404
712 1038
1038 2556
1038 2840
835 1404
1404 2679
1404 3207
412 1041
412 1419
713 1041
1041 2557
1041 2841
839 1419
1419 2683
1419 3221
413 1845
413 2450
713 1845
1845 2841
1845 2842
850 2450
2450 3253
2450 3254
414 1848
414 2457
713 1848
1848 2842
1848 2843
852 2457
2457 3258
2457 3259
415 1042
415 1422
713 1042
1042 2557
1042 2843
841 1422
1422 2685
1422 3225
416 1045
714 1045
1045 2558
1045 2844
417 1853
417 2461
714 1853
1853 2844
1853 2845
853 2461
2461 3262
2461 3263
418 1856
418 2470
714 1856
1856 2845
1856 2846
855 2470
2470 3267
2470 3268
419 1046
419 1448
714 1046
1046 2558
1046 2846
850 1448
1448 2694
1448 3252
420 1049
420 1463
715 1049
1049 2559
1049 2847
855 1463
1463 2699
1463 3269
421 1861
421 2474
715 1861
1861 2847
1861 2848
856 2474
2474 3271
2474 3272
422 1864
422 2482
715 1864
1864 2848
1864 2849
858 2482
2482 3276
2482 3277
423 1050
423 1439
715 1050
1050 2559
1050 2849
847 1439
1439 2691
1439 3243
424 1053
716 1053
1053 2560
1053 2850
425 1869
425 2488
716 1869
1869 2850
1869 2851
859 2488
2488 3280
2488 3281
426 1872
426 2497
716 1872
1872 2851
1872 2852
861 2497
2497 3285
2497 3286
427 1054
427 1455
716 1054
1054 2560
1054 2852
853 1455
1455 2697
1455 3261
428 1057
428 1482
717 1057
1057 2561
1057 2853
861 1482
1482 2705
1482 3287
429 1877
429 2502
717 1877
1877 2853
1877 2854
862 2502
2502 3289
2502 3290
430 1880
430 2510
717 1880
1880 2854
1880 2855
864 2510
2510 3294
2510 3295
431 1058
431 1464
717 1058
1058 2561
1058 2855
856 1464
1464 2700
1464 3270
432 1885
432 1892
718 1885
1885 2856
1885 2857
719 1892
1892 2860
1892 2861
433 1061
718 1061
1061 2562
1061 2858
434 1064
434 1071
719 1064
1064 2563
1064 2859
721 1071
1071 2565
1071 2867
435 1890
435 1897
719 1890
1890 2859
1890 2860
720 1897
1897 2863
1897 2864
436 1065
436 1095
719 1065
1065 2563
1065 2861
729 1095
1095 2573
1095 2889
437 1068
720 1068
1068 2564
1068 2862
438 1899
438 1905
721 1899
1899 2865
1899 2866
722 1905
1905 2869
1905 2870
439 1073
722 1073
1073 2566
1073 2868
440 1903
440 1910
722 1903
1903 2868
1903 2869
723 1910
1910 2872
1910 2873
441 1074
441 1120
722 1074
1074 2566
1074 2870
738 1120
1120 2582
1120 2916
442 1077
723 1077
1077 2567
1077 2871
443 1078
723 1078
1078 2567
1078 2873
444 1913
444 1920
724 1913
1913 2874
1913 2875
725 1920
1920 2878
1920 2879
445 1081
724 1081
1081 2568
1081 2876
446 1084
446 1109
725 1084
1084 2569
1084 2877
733 1109
1109 2577
1109 2903
447 1918
447 1925
725 1918
1918 2877
1918 2878
726 1925
1925 2881
1925 2882
448 1085
448 1140
725 1085
1085 2569
1085 2879
744 1140
1140 2588
1140 2934
449 1088
449 1091
726 1088
1088 2570
1088 2880
727 1091
1091 2571
1091 2885
450 1927
450 1932
727 1927
1927 2883
1927 2884
728 1932
1932 2887
1932 2888
451 1931
451 1936
728 1931
1931 2886
1931 2887
729 1936
1936 2890
1936 2891
452 1093
452 1113
728 1093
1093 2572
1093 2888
735 1113
1113 2579
1113 2907
453 1096
453 1105
729 1096
1096 2573
1096 2891
732 1105
1105 2576
1105 2898
454 1939
454 1946
730 1939
1939 2892
1939 2893
731 1946
1946 2896
1946 2897
455 1099
455 1110
730 1099
1099 2574
1099 2894
734 1110
1110 2578
1110 2904
456 1102
456 1116
731 1102
1102 2575
1102 2895
736 1116
1116 2580
1116 2912
457 1944
457 1950
731 1944
1944 2895
1944 2896
732 1950
1950 2899
1950 2900
458 1103
458 1150
731 1103
1103 2575
1103 2897
747 1150
1150 2591
1150 2943
459 1108
733 1108
1108 2577
1108 2901
460 1952
460 1958
733 1952
1952 2901
1952 2902
734 1958
1958 2905
1958 2906
461 1957
461 1962
734 1957
1957 2904
1957 2905
735 1962
1962 2908
1962 2909
462 1111
734 1111
1111 2578
1111 2906
463 1964
463 1969
736 1964
1964 2910
1964 2911
737 1969
1969 2914
1969 2915
464 1968
464 1973
737 1968
1968 2913
1968 2914
738 1973
1973 2917
1973 2918
465 1118
465 1157
737 1118
1118 2581
1118 2915
750 1157
1157 2594
1157 2952
466 1121
466 1130
738 1121
1121 2582
1121 2918
741 1130
1130 2585
1130 2925
467 1976
467 1983
739 1976
1976 2919
1976 2920
740 1983
1983 2923
1983 2924
468 1124
468 1154
739 1124
1124 2583
1124 2921
749 1154
1154 2593
1154 2949
469 1127
740 1127
1127 2584
1127 2922
470 1981
470 1987
740 1981
1981 2922
1981 2923
741 1987
1987 2926
1987 2927
471 1128
471 1192
740 1128
1128 2584
1128 2924
762 1192
1192 2606
1192 2988
472 1131
741 1131
1131 2585
1131 2927
473 1990
473 1997
742 1990
1990 2928
1990 2929
743 1997
1997 2932
1997 2933
474 1134
742 1134
1134 2586
1134 2930
475 1137
743 1137
1137 2587
1137 2931
476 1995
476 2001
743 1995
1995 2931
1995 2932
744 2001
2001 2935
2001 2936
477 1138
477 1166
743 1138
1138 2587
1138 2933
753 1166
1166 2597
1166 2961
478 1141
744 1141
1141 2588
1141 2936
479 2004
479 2011
745 2004
2004 2937
2004 2938
746 2011
2011 2941
2011 2942
480 1144
745 1144
1144 2589
1144 2939
481 1147
481 1153
746 1147
1147 2590
1147 2940
748 1153
1153 2592
1153 2948
482 2009
482 2015
746 2009
2009 2940
2009 2941
747 2015
2015 2944
2015 2945
483 1148
483 1176
746 1148
1148 2590
1148 2942
756 1176
1176 2600
1176 2970
484 2017
484 2022
748 2017
2017 2946
2017 2947
749 2022
2022 2950
2022 2951
485 2021
485 2026
749 2021
2021 2949
2021 2950
750 2026
2026 2953
2026 2954
486 1155
486 1184
749 1155
1155 2593
1155 2951
759 1184
1184 2603
1184 2979
487 2028
487 2035
751 2028
2028 2955
2028 2956
752 2035
2035 2959
2035 2960
488 1160
751 1160
1160 2595
1160 2957
489 1163
752 1163
1163 2596
1163 2958
490 2033
490 2039
752 2033
2033 2958
2033 2959
753 2039
2039 2962
2039 2963
491 1164
491 1202
752 1164
1164 2596
1164 2960
765 1202
1202 2609
1202 2997
492 1167
753 1167
1167 2597
1167 2963
493 2042
493 2049
754 2042
2042 2964
2042 2965
755 2049
2049 2968
2049 2969
494 1170
754 1170
1170 2598
1170 2966
495 1173
495 1179
755 1173
1173 2599
1173 2967
757 1179
1179 2601
1179 2975
496 2047
496 2053
755 2047
2047 2967
2047 2968
756 2053
2053 2971
2053 2972
497 1174
497 1212
755 1174
1174 2599
1174 2969
768 1212
1212 2612
1212 3006
498 2055
498 2061
757 2055
2055 2973
2055 2974
758 2061
2061 2977
2061 2978
499 1181
499 1187
758 1181
1181 2602
1181 2976
760 1187
1187 2604
1187 2984
500 2059
500 2065
758 2059
2059 2976
2059 2977
759 2065
2065 2980
2065 2981
501 1182
501 1220
758 1182
1182 2602
1182 2978
771 1220
1220 2615
1220 3015
502 2067
502 2073
760 2067
2067 2982
2067 2983
761 2073
2073 2986
2073 2987
503 1189
761 1189
1189 2605
1189 2985
504 2071
504 2077
761 2071
2071 2985
2071 2986
762 2077
2077 2989
2077 2990
505 1190
505 1228
761 1190
1190 2605
1190 2987
774 1228
1228 2618
1228 3024
506 1193
762 1193
1193 2606
1193 2990
507 2080
507 2087
763 2080
2080 2991
2080 2992
764 2087
2087 2995
2087 2996
508 1196
763 1196
1196 2607
1196 2993
509 1199
764 1199
1199 2608
1199 2994
510 2085
510 2091
764 2085
2085 2994
2085 2995
765 2091
2091 2998
2091 2999
511 1200
511 1238
764 1200
1200 2608
1200 2996
777 1238
1238 2621
1238 3033
512 1203
765 1203
1203 2609
1203 2999
513 2094
513 2101
766 2094
2094 3000
2094 3001
767 2101
2101 3004
2101 3005
514 1206
766 1206
1206 2610
1206 3002
515 1209
515 1215
767 1209
1209 2611
1209 3003
769 1215
1215 2613
1215 3011
516 2099
516 2105
767 2099
2099 3003
2099 3004
768 2105
2105 3007
2105 3008
517 1210
517 1248
767 1210
1210 2611
1210 3005
780 1248
1248 2624
1248 3042
518 2107
518 2113
769 2107
2107 3009
2107 3010
770 2113
2113 3013
2113 3014
519 1217
519 1223
770 1217
1217 2614
1217 3012
772 1223
1223 2616
1223 3020
520 2111
520 2117
770 2111
2111 3012
2111 3013
771 2117
2117 3016
2117 3017
521 1218
521 1256
770 1218
1218 2614
1218 3014
783 1256
1256 2627
1256 3051
522 2119
522 2125
772 2119
2119 3018
2119 3019
773 2125
2125 3022
2125 3023
523 1225
773 1225
1225 2617
1225 3021
524 2123
524 2129
773 2123
2123 3021
2123 3022
774 2129
2129 3025
2129 3026
525 1226
525 1264
773 1226
1226 2617
1226 3023
786 1264
1264 2630
1264 3060
526 1229
774 1229
1229 2618
1229 3026
527 2132
527 2139
775 2132
2132 3027
2132 3028
776 2139
2139 3031
2139 3032
528 1232
775 1232
1232 2619
1232 3029
529 1235
776 1235
1235 2620
1235 3030
530 2137
530 2143
776 2137
2137 3030
2137 3031
777 2143
2143 3034
2143 3035
531 1236
531 1274
776 1236
1236 2620
1236 3032
789 1274
1274 2633
1274 3069
532 1239
777 1239
1239 2621
1239 3035
533 2146
533 2153
778 2146
2146 3036
2146 3037
779 2153
2153 3040
2153 3041
534 1242
778 1242
1242 2622
1242 3038
535 1245
535 1251
779 1245
1245 2623
1245 3039
781 1251
1251 2625
1251 3047
536 2151
536 2157
779 2151
2151 3039
2151 3040
780 2157
2157 3043
2157 3044
537 1246
537 1284
779 1246
1246 2623
1246 3041
792 1284
1284 2636
1284 3078
538 2159
538 2165
781 2159
2159 3045
2159 3046
782 2165
2165 3049
2165 3050
539 1253
539 1259
782 1253
1253 2626
1253 3048
784 1259
1259 2628
1259 3056
540 2163
540 2169
782 2163
2163 3048
2163 3049
783 2169
2169 3052
2169 3053
541 1254
541 1292
782 1254
1254 2626
1254 3050
795 1292
1292 2639
1292 3087
542 2171
542 2177
784 2171
2171 3054
2171 3055
785 2177
2177 3058
2177 3059
543 1261
785 1261
1261 2629
1261 3057
544 2175
544 2181
785 2175
2175 3057
2175 3058
786 2181
2181 3061
2181 3062
545 1262
545 1300
785 1262
1262 2629
1262 3059
798 1300
1300 2642
1300 3096
546 1265
786 1265
1265 2630
1265 3062
547 2184
547 2191
787 2184
2184 3063
2184 3064
788 2191
2191 3067
2191 3068
548 1268
787 1268
1268 2631
1268 3065
549 1271
788 1271
1271 2632
1271 3066
550 2189
550 2195
788 2189
2189 3066
2189 3067
789 2195
2195 3070
2195 3071
551 1272
551 1310
788 1272
1272 2632
1272 3068
801 1310
1310 2645
1310 3105
552 1275
789 1275
1275 2633
1275 3071
553 2198
553 2205
790 2198
2198 3072
2198 3073
791 2205
2205 3076
2205 3077
554 1278
790 1278
1278 2634
1278 3074
555 1281
555 1287
791 1281
1281 2635
1281 3075
793 1287
1287 2637
1287 3083
556 2203
556 2209
791 2203
2203 3075
2203 3076
792 2209
2209 3079
2209 3080
557 1282
557 1327
791 1282
1282 2635
1282 3077
807 1327
1327 2651
1327 3123
558 2211
558 2217
793 2211
2211 3081
2211 3082
794 2217
2217 3085
2217 3086
559 1289
559 1295
794 1289
1289 2638
1289 3084
796 1295
1295 2640
1295 3092
560 2215
560 2221
794 2215
2215 3084
2215 3085
795 2221
2221 3088
2221 3089
561 1290
561 1335
794 1290
1290 2638
1290 3086
810 1335
1335 2654
1335 3132
562 2223
562 2229
796 2223
2223 3090
2223 3091
797 2229
2229 3094
2229 3095
563 1297
797 1297
1297 2641
1297 3093
564 2227
564 2233
797 2227
2227 3093
2227 3094
798 2233
2233 3097
2233 3098
565 1298
565 1344
797 1298
1298 2641
1298 3095
813 1344
1344 2657
1344 3141
566 1301
798 1301
1301 2642
1301 3098
567 2236
567 2243
799 2236
2236 3099
2236 3100
800 2243
2243 3103
2243 3104
568 1304
799 1304
1304 2643
1304 3101
569 1307
569 1313
800 1307
1307 2644
1307 3102
802 1313
1313 2646
1313 3110
570 2241
570 2247
800 2241
2241 3102
2241 3103
801 2247
2247 3106
2247 3107
571 1308
571 1354
800 1308
1308 2644
1308 3104
816 1354
1354 2660
1354 3150
572 2249
572 2255
802 2249
2249 3108
2249 3109
803 2255
2255 3112
2255 3113
573 1315
573 1322
803 1315
1315 2647
1315 3111
805 1322
1322 2649
1322 3119
574 2253
574 2260
803 2253
2253 3111
2253 3112
804 2260
2260 3115
2260 3116
575 1316
575 1362
803 1316
1316 2647
1316 3113
819 1362
1362 2663
1362 3159
576 1319
804 1319
1319 2648
1319 3114
577 2262
577 2268
805 2262
2262 3117
2262 3118
806 2268
2268 3121
2268 3122
578 1324
578 1330
806 1324
1324 2650
1324 3120
808 1330
1330 2652
1330 3128
579 2266
579 2272
806 2266
2266 3120
2266 3121
807 2272
2272 3124
2272 3125
580 1325
580 1370
806 1325
1325 2650
1325 3122
822 1370
1370 2666
1370 3168
581 2274
581 2280
808 2274
2274 3126
2274 3127
809 2280
2280 3130
2280 3131
582 1332
582 1339
809 1332
1332 2653
1332 3129
811 1339
1339 2655
1339 3137
583 2278
583 2284
809 2278
2278 3129
2278 3130
810 2284
2284 3133
2284 3134
584 1333
584 1377
809 1333
1333 2653
1333 3131
825 1377
1377 2669
1377 3177
585 1338
585 1378
811 1338
1338 2655
1338 3135
825 1378
1378 2669
1378 3179
586 2286
586 2293
811 2286
2286 3135
2286 3136
812 2293
2293 3139
2293 3140
587 1341
812 1341
1341 2656
1341 3138
588 2291
588 2297
812 2291
2291 3138
2291 3139
813 2297
2297 3142
2297 3143
589 1342
589 1374
812 1342
1342 2656
1342 3140
824 1374
1374 2668
1374 3174
590 1345
813 1345
1345 2657
1345 3143
591 2300
591 2307
814 2300
2300 3144
2300 3145
815 2307
2307 3148
2307 3149
592 1348
814 1348
1348 2658
1348 3146
593 1351
593 1357
815 1351
1351 2659
1351 3147
817 1357
1357 2661
1357 3155
594 2305
594 2311
815 2305
2305 3147
2305 3148
816 2311
2311 3151
2311 3152
595 1352
595 1386
815 1352
1352 2659
1352 3149
828 1386
1386 2672
1386 3186
596 2313
596 2319
817 2313
2313 3153
2313 3154
818 2319
2319 3157
2319 3158
597 1359
597 1365
818 1359
1359 2662
1359 3156
820 1365
1365 2664
1365 3164
598 2317
598 2323
818 2317
2317 3156
2317 3157
819 2323
2323 3160
2323 3161
599 1360
599 1394
818 1360
1360 2662
1360 3158
831 1394
1394 2675
1394 3195
600 2325
600 2331
820 2325
2325 3162
2325 3163
821 2331
2331 3166
2331 3167
601 1367
601 1373
821 1367
1367 2665
1367 3165
823 1373
1373 2667
1373 3173
602 2329
602 2335
821 2329
2329 3165
2329 3166
822 2335
2335 3169
2335 3170
603 1368
603 1402
821 1368
1368 2665
1368 3167
834 1402
1402 2678
1402 3204
604 2337
604 2342
823 2337
2337 3171
2337 3172
824 2342
2342 3175
2342 3176
605 2341
605 2346
824 2341
2341 3174
2341 3175
825 2346
2346 3178
2346 3179
606 1375
606 1410
824 1375
1375 2668
1375 3176
837 1410
1410 2681
1410 3213
607 2348
607 2355
826 2348
2348 3180
2348 3181
827 2355
2355 3184
2355 3185
608 1380
826 1380
1380 2670
1380 3182
609 1383
609 1389
827 1383
1383 2671
1383 3183
829 1389
1389 2673
1389 3191
610 2353
610 2359
827 2353
2353 3183
2353 3184
828 2359
2359 3187
2359 3188
611 1384
611 1420
827 1384
1384 2671
1384 3185
840 1420
1420 2684
1420 3222
612 2361
612 2367
829 2361
2361 3189
2361 3190
830 2367
2367 3193
2367 3194
613 1391
613 1397
830 1391
1391 2674
1391 3192
832 1397
1397 2676
1397 3200
614 2365
614 2371
830 2365
2365 3192
2365 3193
831 2371
2371 3196
2371 3197
615 1392
615 1428
830 1392
1392 2674
1392 3194
843 1428
1428 2687
1428 3231
616 2373
616 2379
832 2373
2373 3198
2373 3199
833 2379
2379 3202
2379 3203
617 1399
617 1405
833 1399
1399 2677
1399 3201
835 1405
1405 2679
1405 3209
618 2377
618 2383
833 2377
2377 3201
2377 3202
834 2383
2383 3205
2383 3206
619 1400
619 1437
833 1400
1400 2677
1400 3203
846 1437
1437 2690
1437 3240
620 2385
620 2391
835 2385
2385 3207
2385 3208
836 2391
2391 3211
2391 3212
621 1407
836 1407
1407 2680
1407 3210
622 2389
622 2395
836 2389
2389 3210
2389 3211
837 2395
2395 3214
2395 3215
623 1408
623 1445
836 1408
1408 2680
1408 3212
849 1445
1445 2693
1445 3249
624 1411
837 1411
1411 2681
1411 3215
625 1414
625 1449
838 1414
1414 2682
1414 3216
850 1449
1449 2694
1449 3254
626 2398
626 2406
838 2398
2398 3216
2398 3217
839 2406
2406 3220
2406 3221
627 1415
838 1415
1415 2682
1415 3218
628 1418
628 1423
839 1418
1418 2683
1418 3219
841 1423
1423 2685
1423 3227
629 2404
629 2409
839 2404
2404 3219
2404 3220
840 2409
2409 3223
2409 3224
630 2411
630 2417
841 2411
2411 3225
2411 3226
842 2417
2417 3229
2417 3230
631 1425
631 1432
842 1425
1425 2686
1425 3228
844 1432
1432 2688
1432 3236
632 2415
632 2421
842 2415
2415 3228
2415 3229
843 2421
2421 3232
2421 3233
633 1426
633 1453
842 1426
1426 2686
1426 3230
852 1453
1453 2696
1453 3258
634 1431
634 1454
844 1431
1431 2688
1431 3234
852 1454
1454 2696
1454 3260
635 2423
635 2430
844 2423
2423 3234
2423 3235
845 2430
2430 3238
2430 3239
636 1434
636 1440
845 1434
1434 2689
1434 3237
847 1440
1440 2691
1440 3245
637 2428
637 2434
845 2428
2428 3237
2428 3238
846 2434
2434 3241
2434 3242
638 1435
638 1450
845 1435
1435 2689
1435 3239
851 1450
1450 2695
1450 3255
639 2436
639 2442
847 2436
2436 3243
2436 3244
848 2442
2442 3247
2442 3248
640 1442
848 1442
1442 2692
1442 3246
641 2440
641 2446
848 2440
2440 3246
2440 3247
849 2446
2446 3250
2446 3251
642 1443
642 1470
848 1443
1443 2692
1443 3248
858 1470
1470 2702
1470 3276
643 1446
849 1446
1446 2693
1446 3251
644 2449
644 2454
850 2449
2449 3252
2449 3253
851 2454
2454 3256
2454 3257
645 2453
645 2458
851 2453
2453 3255
2453 3256
852 2458
2458 3259
2458 3260
646 1451
646 1462
851 1451
1451 2695
1451 3257
855 1462
1462 2699
1462 3267
647 2460
647 2467
853 2460
2460 3261
2460 3262
854 2467
2467 3265
2467 3266
648 1456
853 1456
1456 2697
1456 3263
649 1459
649 1465
854 1459
1459 2698
1459 3264
856 1465
1465 2700
1465 3272
650 2465
650 2471
854 2465
2465 3264
2465 3265
855 2471
2471 3268
2471 3269
651 1460
651 1481
854 1460
1460 2698
1460 3266
861 1481
1481 2705
1481 3285
652 2473
652 2479
856 2473
2473 3270
2473 3271
857 2479
2479 3274
2479 3275
653 1467
857 1467
1467 2701
1467 3273
654 2477
654 2483
857 2477
2477 3273
2477 3274
858 2483
2483 3277
2483 3278
655 1468
655 1490
857 1468
1468 2701
1468 3275
864 1490
1490 2708
1490 3294
656 1471
858 1471
1471 2702
1471 3278
657 1474
859 1474
1474 2703
1474 3279
658 2486
658 2494
859 2486
2486 3279
2486 3280
860 2494
2494 3283
2494 3284
659 1475
859 1475
1475 2703
1475 3281
660 1478
660 1485
860 1478
1478 2704
1478 3282
862 1485
1485 2706
1485 3290
661 2492
661 2498
860 2492
2492 3282
2492 3283
861 2498
2498 3286
2498 3287
662 1479
860 1479
1479 2704
1479 3284
663 1484
862 1484
1484 2706
1484 3288
664 2500
664 2507
862 2500
2500 3288
2500 3289
863 2507
2507 3292
2507 3293
665 1487
863 1487
1487 2707
1487 3291
666 2505
666 2511
863 2505
2505 3291
2505 3292
864 2511
2511 3295
2511 3296
667 1488
863 1488
1488 2707
1488 3293
668 1491
864 1491
1491 2708
1491 3296
